# N_MCMC = 400000, alpha = 200000000.0, GP_lower_bounds = [0.5, np.float64(15.201804919084164), 0.01, np.float64(7.313220387090301)], GP_upper_bounds = [5.8, 22.0, 10.0, 8.8]
2.747659512012677078e+04
2.749081909093272043e+04
2.842000149171588055e+04
-1.753471916414477150e+01
2.613819409313322595e+01
2.746074791802268010e+04
-2.254829770895267575e+04
1.465153876205024730e+01
5.702112890997187655e+00
7.123802228145389392e+01
5.930473703884868919e-04
2.180005281676469906e+02
4.440276931359833412e+01
1.692848072508869317e-01
9.748303624948672308e+00
2.915157234781899989e-02
6.479788610316493447e+00
2.598083628760567763e+02
5.046518536827512058e+00
5.166344963915543431e+00
2.272262297867150838e-01
5.271796640536225098e+00
7.365484022795821817e-01
1.972928450482839935e+00
6.038396337119376511e+00
3.147609869064469518e-02
2.061056539213430572e+00
2.529771334174371500e+00
1.702510105736990198e+01
8.714953113608466140e+00
8.512159337404110460e+00
