# N_MCMC = 400000, alpha = 500000000.0, GP_lower_bounds = [0.5, np.float64(15.201804919084164), 0.01, np.float64(7.313220387090301)], GP_upper_bounds = [5.8, 22.0, 10.0, 8.8]
2.744496413904892324e+04
2.745923323613976754e+04
2.838819206335255512e+04
-4.913956811622624343e+01
-5.445548526101172904e+00
2.742915402921558780e+04
-2.257996703188872925e+04
1.465153963507427548e+01
5.702301373366245762e+00
7.122367379697892886e+01
7.065420218944827536e-04
1.737355905003064152e+02
4.440324815914675582e+01
1.837211822738323563e-01
9.753080573138667830e+00
3.155467843866796573e-02
6.553908350843468789e+00
2.598593923272659936e+02
5.095959577130854790e+00
5.150881075900732853e+00
2.265549959221543896e-01
5.293899199474687123e+00
7.365484074932256986e-01
1.970964655134686661e+00
6.036681572642531357e+00
3.223046850757549375e-02
1.990653557611363089e+00
2.248619893960547511e+00
1.752780452004762779e+01
8.761273975071183884e+00
8.639434860210181810e+00
