# N_MCMC = 400000, alpha = 300000000.0, GP_lower_bounds = [0.5, np.float64(15.201804919084164), 0.01, np.float64(7.313220387090301)], GP_upper_bounds = [5.8, 22.0, 10.0, 8.8]
2.748957136472133789e+04
2.750384769372879236e+04
2.843291475553452983e+04
-4.506423685858552908e+00
3.915607996438966154e+01
2.747381097076632432e+04
-2.253526022063099663e+04
1.465153995946094412e+01
5.702624955859166178e+00
7.123420241848312173e+01
6.666678312412112990e-04
1.896084597615715666e+02
4.440287894747450537e+01
1.735076082350120175e-01
9.758790678726475321e+00
3.047204545024615255e-02
6.502279342016011654e+00
2.598140716747544161e+02
5.054936765862352743e+00
5.174123037406674896e+00
2.252903562927895120e-01
5.270336738078768235e+00
7.365484858247998146e-01
1.978193605858513449e+00
6.021250385498318813e+00
3.282232100022242777e-02
2.053681937015022552e+00
2.441067804933243934e+00
1.727119004655565604e+01
7.518495148956691132e+00
8.523807774996646103e+00
