# N_MCMC = 400000, alpha = 100000000.0, GP_lower_bounds = [0.5, np.float64(15.201804919084164), 0.01, np.float64(7.313220387090301)], GP_upper_bounds = [5.8, 22.0, 10.0, 8.8]
2.749259724679708597e+04
2.750671962134403293e+04
2.843608478735679819e+04
-1.488176112946132390e+00
4.213965679411742116e+01
2.747659893691607795e+04
-2.253223354526770345e+04
1.465153366891878939e+01
5.700565935894013059e+00
7.127938368722567475e+01
6.503200871413411478e-04
1.770823238112327829e+02
4.440260186118794650e+01
1.621779515122158122e-01
9.735032328595835338e+00
2.630064722398670063e-02
6.383856231040672569e+00
2.597443938807107315e+02
5.002315343073587606e+00
5.110414506152832992e+00
2.301531489840474287e-01
5.291153453301084220e+00
7.365486097364853935e-01
1.992153971322497608e+00
6.037269673134710857e+00
3.028885752078251323e-02
2.085465152349644580e+00
3.601685667290149162e+00
1.756143081443571319e+01
9.898322320360058768e+00
8.481126961996046987e+00
