# N_MCMC = 400000, alpha = 3000000000.0, GP_lower_bounds = [0.5, np.float64(15.201804919084164), 0.01, np.float64(7.313220387090301)], GP_upper_bounds = [5.8, 22.0, 10.0, 8.8]
2.748878745394559519e+04
2.750291141789841276e+04
2.843141500578013074e+04
-5.702031118069448290e+00
3.797882583211145402e+01
2.747281528077368785e+04
-2.253641437664788828e+04
1.465152355870200118e+01
5.698302073965704651e+00
7.122084994671065772e+01
1.075507858394488805e-03
4.723767696891123080e+00
4.440328957381833419e+01
1.882581376349818092e-01
9.794453380375202300e+00
3.562264698459802897e-02
6.504127696207963716e+00
2.597418960892217683e+02
5.032557675220385107e+00
5.052937336884430586e+00
2.298521877298521643e-01
5.363229699245568582e+00
7.365482731576467046e-01
1.959539400874416915e+00
6.003971450221471606e+00
3.448451556421626429e-02
1.911202312118516211e+00
4.612538442335515356e+03
2.796227875189051915e+00
3.875828252769480997e+01
2.439614757898362837e-02
7.245646077007530828e+00
1.521235726025398582e+00
1.599786227345287415e+01
1.134068188439626867e+00
8.527796654232293605e+00
