# N_MCMC = 400000, alpha = 400000000.0, GP_lower_bounds = [0.5, np.float64(15.201804919084164), 0.01, np.float64(7.313220387090301)], GP_upper_bounds = [5.8, 22.0, 10.0, 8.8]
2.744244716178663657e+04
2.745666190351128535e+04
2.838578552202902938e+04
-5.170942961307049757e+01
-8.010775733674874388e+00
2.742658189492103338e+04
-2.258249183458805419e+04
1.465153867409654076e+01
5.701976919170956393e+00
7.123777235050414447e+01
5.936034807298890036e-04
1.788153680333493867e+02
4.440323644047650475e+01
1.837487958431458235e-01
9.743067371521794584e+00
3.064370339960003492e-02
6.483870404464743942e+00
2.598438939764826614e+02
5.087248364081676577e+00
5.162568744732603854e+00
2.267393027529765182e-01
5.298691459704259366e+00
7.365484345393644716e-01
1.973539679787117640e+00
6.012554095342348859e+00
3.202597146987250232e-02
2.030224407260278863e+00
2.334274309472584630e+00
1.752557322693072450e+01
9.203333491797721422e+00
8.637746024657294797e+00
