0.000000000000000000e+00 -5.016846721284871080e+01
2.683136999998241663e+02 -1.134486387787127804e+01
4.389582199999131262e+02 -2.673150578452035830e+01
7.969391999999061227e+02 -1.060346072403613249e+01
1.067271100000012666e+03 -2.941702401736774775e+00
1.092030499999877065e+03 -4.693485079748043631e+00
1.327306100000161678e+03 1.698734170755621875e+01
1.413233599999919534e+03 6.892470591202339847e-01
1.414160500000230968e+03 1.923271906840042789e+00
1.535998600000049919e+03 -2.477109518218766127e+00
1.727291250000242144e+03 -1.377474787702315240e+00
1.771114899999927729e+03 1.092745871984871542e+01
1.772197000000160187e+03 4.418235375498795747e+00
1.890917799999937415e+03 7.020851995704916249e+00
2.097333200000226498e+03 1.213348530160891414e+01
2.189044410000089556e+03 -3.428849512530938171e-01
2.190102030000183731e+03 -4.125196386032072837e+00
2.215067850000225008e+03 -4.811666863755583279e+00
2.478258280000183731e+03 -1.955321426540194807e+00
2.509151839999947697e+03 -1.001248000521555781e+01
2.510188940000254661e+03 -2.442329844371859338e+01
2.510275859999936074e+03 -2.062646536461405589e+01
2.511046370000112802e+03 -2.834711924308830433e+01
2.511256330000236630e+03 -2.282736794719667728e+01
2.512015120000112802e+03 -1.548294013103389233e+01
2.512162580000236630e+03 -1.368261972734961773e+01
2.513118629999924451e+03 -2.529483945569032244e+01
2.513239730000030249e+03 -2.929417689623888066e+01
2.542142430000007153e+03 -9.117899272520922693e+00
2.543158660000190139e+03 -4.632446736931512987e+00
2.546127650000154972e+03 -4.617939445628110207e+00
2.547047830000054091e+03 -1.120390345539566823e+01
2.548107520000077784e+03 -8.602585383556821341e+00
2.549121040000114590e+03 -8.680093299062527024e+00
2.550137320000212640e+03 -1.184689283668752324e+01
2.565980340000241995e+03 -1.646455233230682325e+00
2.566123569999821484e+03 -8.304219676189440236e+00
2.566895000000018626e+03 -7.816696504560518122e+00
2.567034649999812245e+03 -7.882264670158100728e+00
2.570157420000061393e+03 3.695629208142108268e-01
2.572018850000109524e+03 7.768303018911808522e-01
2.573932810000143945e+03 -4.765546656748483656e+00
2.590019020000007004e+03 -1.044240693817018339e+01
2.593009589999914169e+03 -2.012436080547232109e+01
2.593956859999801964e+03 -1.279802907657484923e+01
2.594994849999900907e+03 -1.824285411508511601e+01
2.601004220000002533e+03 -1.582853258171800803e+01
2.601958480000030249e+03 -1.055489088879104997e+01
2.602903789999894798e+03 -1.641327891137228789e+01
2.608009539999999106e+03 8.338943911666348185e+00
2.608956360000185668e+03 -3.021168071359085161e+00
2.620953189999796450e+03 1.043322172577346407e+01
2.621971040000207722e+03 1.178026701455243597e+01
2.622956629999913275e+03 6.916380629024061477e+00
2.623958680000156164e+03 1.908787901725305858e+01
2.624957719999831170e+03 1.773425968684623655e+01
2.635956679999828339e+03 1.196944212104497751e+00
2.636943570000119507e+03 -1.241664005215825028e+01
2.654960280000232160e+03 8.205753279799644417e+00
2.843275859999936074e+03 -1.063351834411556496e+01
2.859198520000092685e+03 -9.796289983304745874e+00
2.863224100000225008e+03 -1.347300944311538018e+01
2.924051359999924898e+03 -7.510868310173904661e+00
2.925033030000049621e+03 -1.481992532151826225e+01
2.926043659999966621e+03 -5.271266855356465442e+00
2.958041619999799877e+03 -3.393135721004148309e+01
2.959034500000067055e+03 -2.091426116796527879e+01
2.971996609999798238e+03 -4.564397791698140416e+00
2.984989829999860376e+03 -8.121906390654245911e+00
3.035963330000173301e+03 -1.774885883277561760e+01
3.215172340000048280e+03 -1.546324726698171759e+01
3.216231910000089556e+03 -5.919968802895915871e+00
3.253201640000101179e+03 -6.741560021221708610e+00
3.574303199999965727e+03 -2.150757335684019722e+00
3.576288559999782592e+03 -1.069537326325067994e+01
3.628147929999977350e+03 1.020843872553996334e+00
3.634195489999838173e+03 2.806466943319804841e+00
3.635152929999865592e+03 1.653735063814418993e+01
3.664010230000130832e+03 -9.991367601820684285e-01
3.719991570000071079e+03 1.541996093732491957e+01
3.726978010000195354e+03 1.834707412054369868e+01
3.747899453000165522e+03 2.869880871277710810e+01
3.890322730000130832e+03 8.552673061581771208e+00
3.925159808999858797e+03 -2.081553909277573666e-01
3.951246108000166714e+03 2.684755146893753874e+01
3.954120231000240892e+03 3.242963482885930659e+01
3.954266090000048280e+03 2.926532855752190798e+01
3.956276839999947697e+03 2.097968873280591140e+01
3.958219219999853522e+03 1.743159154719305093e+01
3.961277809999883175e+03 9.459641077062704184e+00
3.977114725999999791e+03 3.087170296473431463e+01
4.003118830000050366e+03 1.744628264865535527e+01
4.029097790000028908e+03 4.311446065571999497e+00
4.048004379999823868e+03 2.094632483766698527e+00
4.048975947999861091e+03 7.370322693247478796e+00
4.051075660000089556e+03 -7.037998958789785320e+00
4.076988872000016272e+03 9.277397342363503441e+00
4.109912998000159860e+03 -8.247942221974184918e+00
4.261318830000236630e+03 9.492880421223265586e+00
4.263305819999892265e+03 9.105139437312509187e+00
4.281326640000101179e+03 1.930488339425693312e-01
4.282307109999936074e+03 -8.635859310352103080e+00
4.283156046200077981e+03 -5.709646484312876247e+00
4.295275859999936074e+03 4.886132280289302798e+00
4.301289460000116378e+03 1.118490883929096213e+01
4.316274929999839514e+03 -3.589506099486825974e+00
4.328233119999989867e+03 -4.980017252974370479e+00
4.332166180000174791e+03 -6.838381051725072268e+00
4.335234560000244528e+03 -6.064775985541974279e+00
4.336196599999908358e+03 -1.021795174372124393e+01
4.339137085999827832e+03 -6.760935314291863563e+00
4.349178890000097454e+03 1.189477206818315835e+01
4.391058029999956489e+03 2.044670664361434120e+01
4.393079770000185817e+03 1.885483492372337011e+01
4.401019330000039190e+03 1.183199912042911350e+01
4.409021128000225872e+03 -1.127632758052396866e+01
4.421984840000048280e+03 -5.566012415033787519e+00
4.426003465000074357e+03 -2.798815256372542137e+00
4.454980440000072122e+03 4.678216107946028046e+00
4.460954729999881238e+03 1.957630031886424149e+00
4.461960090000182390e+03 1.420869204085619231e+00
4.462969399999827147e+03 -5.190687811699902454e+00
4.638314919999800622e+03 -1.210725304229026733e+01
4.640408040000125766e+03 -2.743720222330779990e+01
4.642279273999854922e+03 -6.534663632755592033e+00
4.657284729999955744e+03 -5.426561788619160609e+00
4.664320679999887943e+03 1.894701951072849511e+01
4.670261237999890000e+03 -1.411688644867091114e+00
4.678304390000179410e+03 -3.225111101797324409e-01
4.684257730000186712e+03 -3.208573947270721760e+00
4.689233620000071824e+03 -1.460168163801045438e+01
4.700205589999910444e+03 6.094765911886584675e+00
4.703250469999853522e+03 3.938611661317047208e+00
4.707257830000016838e+03 2.111451268790827029e+01
4.709225939999800175e+03 1.527888063917155037e+01
4.720164460000116378e+03 -4.778490501708020588e+00
4.720209449999965727e+03 -8.024523018729865953e+00
4.721044170000124723e+03 -1.089543752466795468e+01
4.725076853999868035e+03 -1.094254204198037428e-01
4.728076669999863952e+03 -1.988424915220465294e+01
4.729119909999892116e+03 -1.155172045281074844e+01
4.737074109999928623e+03 4.721230262774906095e+00
4.738126259999815375e+03 1.008649422103402671e+01
4.755086380000226200e+03 2.548120513912401464e+00
4.755267669999971986e+03 6.047655720264799584e-02
4.756000469999853522e+03 -1.477475241886381241e+00
4.756163000000175089e+03 -1.647920104065576652e-01
4.757059359999839216e+03 -3.131436545894523249e+00
4.760102030000183731e+03 1.936127103960992457e+01
4.767055350000038743e+03 -3.804041397138504976e+00
4.770046029999852180e+03 -1.922958689434287294e+01
4.775046502000186592e+03 -1.686832607094889980e+01
4.781084449999965727e+03 -1.401487780517367199e+01
4.781961409999988973e+03 -1.583551721869060458e+00
4.797004389999900013e+03 1.061326110680996493e+01
4.801968210000079125e+03 -8.217920380169566386e+00
4.806938372000120580e+03 -9.650855285020561780e+00
4.809959850000217557e+03 -1.361843089337358137e+01
4.829984120000153780e+03 -4.763855432489229713e+00
4.830982100000139326e+03 -1.187667996918442981e+01
4.831974280000198632e+03 -8.821199920613967294e+00
4.840985059999860823e+03 9.590880640956910952e+00
4.841982590000145137e+03 7.022125136780474008e+00
4.842981689999811351e+03 -8.436432261806700694e+00
4.843991059999912977e+03 1.242840892088452165e+00
4.848001420000102371e+03 -2.997365596112355490e+01
4.848967029999941587e+03 -1.751545742208924494e+01
4.849973360000178218e+03 -1.687156105340467604e+01
4.850978269999846816e+03 -2.201738500597323878e+01
4.974299730000086129e+03 1.170528186716374108e+01
4.975297699999995530e+03 1.100603640297408248e+01
4.976262060000095516e+03 -8.020597067555854665e-01
4.986289989999961108e+03 6.764312962091864279e+00
4.988319809999782592e+03 4.390775988100777738e+00
4.994382569999899715e+03 -1.306649155802566042e+01
4.995398980000056326e+03 -2.005185553266623799e+01
4.996314919999800622e+03 -1.263391475573538969e+01
4.997313149999827147e+03 -4.651283400634454779e+00
4.998254740000236779e+03 -7.577239736057741482e+00
5.006287469999864697e+03 -7.718677578778212478e-01
5.016281179999932647e+03 4.973617939763087747e+00
5.020261090000160038e+03 9.958213898458843971e+00
5.022237149999942631e+03 1.235299008654781261e+01
5.022301469999831170e+03 4.626888273651776018e+00
5.023328540000133216e+03 3.630054484514904090e-01
5.024383630000054836e+03 3.675626455113111035e+00
5.028255840000230819e+03 4.597487532513348185e+00
5.030233729999978095e+03 -9.148697474095577320e-01
5.053204930000007153e+03 1.165361892723813497e+01
5.074242560000158846e+03 -1.230088418643751957e+01
5.075309489999897778e+03 -6.228319951616462902e+00
5.078219060000032187e+03 -1.238468200313489831e+01
5.083003254999872297e+03 -2.924005829299191106e+01
5.102240160000044852e+03 -7.818516571455077724e+00
5.104220910000149161e+03 -4.005655134802101003e+00
5.127025160000193864e+03 -1.261249466239949868e+01
5.133036859999876469e+03 -1.503585860903075044e+01
5.134095569999888539e+03 -1.050820405305719873e+01
5.144019559999927878e+03 2.661649574094610671e+00
5.145026829999871552e+03 3.268256267536031601e-01
5.158969630000181496e+03 1.021347251208766238e-01
5.164004490000195801e+03 -1.308405224937998668e+01
5.199075600000098348e+03 7.751365468760718969e+00
5.225900183999910951e+03 -9.091820764989371639e+00
5.226015039999969304e+03 -6.510939706299645025e+00
5.349256140499841422e+03 -1.491221055063832779e+01
5.351246724400203675e+03 -1.965982290422359569e+01
5.353255559099838138e+03 -2.174064275242298194e+01
5.354237446300219744e+03 -1.959455194648645460e+01
5.356214019299950451e+03 -1.707800748518921807e+01
5.370182510099839419e+03 7.064022765572985918e-02
5.371191980800125748e+03 1.084044200637748645e+00
5.375192720899824053e+03 6.190061324981318336e+00
5.376177247699815780e+03 -3.167099218378801595e+00
5.380164573600050062e+03 5.906220763242231442e-02
5.381181778099853545e+03 -1.369850874621665682e+01
5.385143439299892634e+03 -1.173625819289331673e+01
5.387130759700201452e+03 -2.145197450255626848e+01
5.403103455199860036e+03 -8.359190376768179220e+00
5.405091061499901116e+03 -9.096079853249904090e+00
5.406095983400009573e+03 -3.744110201085163681e+00
5.408296305399853736e+03 7.500060643465005228e+00
5.409295268999878317e+03 -5.064964063865247113e+00
5.409308290000073612e+03 -1.514196545800636784e+00
5.410088569200132042e+03 -1.925876010453933418e+00
5.412259260000195354e+03 -1.339586169071114696e+01
5.412297217600047588e+03 -6.784470179325445827e+00
5.413289729999843985e+03 9.722756272146426682e+00
5.415066031999886036e+03 -1.823352203971339236e+00
5.416060355700086802e+03 -8.051326261635658454e+00
5.416292909400071949e+03 5.199154614948589881e+00
5.417071390599943697e+03 2.049575781323611068e+00
5.419289631499908864e+03 7.528680003953652999e+00
5.420057311399839818e+03 1.104595854149482648e+01
5.420284130699932575e+03 1.556221232096284268e+00
5.421040682299993932e+03 9.875092816390917960e-01
5.421267597700003535e+03 6.209822165677330474e+00
5.422046988199930638e+03 5.150303810800963333e+00
5.425060025800019503e+03 4.352179636937925977e+00
5.425271435600239784e+03 2.330376940081741566e+00
5.428038128099869937e+03 -1.764809499793628333e+00
5.430243050000164658e+03 -1.831999448278219234e+01
5.431092910000123084e+03 -2.002586653032570752e+01
5.436186989999841899e+03 -2.026392152830084115e+00
5.437185221999883652e+03 -6.411831015383683052e+00
5.439131330000236630e+03 -4.923094863319761316e+00
5.440151839999947697e+03 -1.232846598415996908e+01
5.442176250000018626e+03 -1.160990185337382030e+01
5.443158850000239909e+03 -1.567547237342497368e+01
5.446201755700167269e+03 -2.112766301673443081e+01
5.453182215100154281e+03 1.797828472208781392e+01
5.454951737899798900e+03 6.875627283772514531e+00
5.456119609999936074e+03 1.802193053491627595e+01
5.456197851300239563e+03 1.792693370740796510e+01
5.459121193999890238e+03 1.836185496403720663e+01
5.461181573600042611e+03 1.871516242176651446e+01
5.463941852000076324e+03 1.005198571428169174e+01
5.464154324400238693e+03 1.781480615633703479e+01
5.467051870000082999e+03 1.217776397280154299e+01
5.471922804399859160e+03 1.382389465325459810e-01
5.472912922599818558e+03 5.739530194625146464e+00
5.474125159400049597e+03 -5.845757786089279762e+00
5.474902876699808985e+03 -9.101682719760042062e+00
5.478106353600043803e+03 -3.944287739410334837e+00
5.478892295899800956e+03 4.500765786142181923e+00
5.484865468000061810e+03 8.006802771076429792e+00
5.485108458200003952e+03 -9.179839727100436164e+00
5.487092372999992222e+03 1.610361557640243291e+01
5.488049436999950558e+03 -1.502982722544516037e+00
5.488093559000175446e+03 1.378727010813008746e+00
5.490074370000045747e+03 7.367590107399934141e+00
5.491016090000048280e+03 -5.252321446810650940e+00
5.498311739999800920e+03 5.375574235516253907e+00
5.501008590000215918e+03 2.067326911427651481e+01
5.503007309999782592e+03 6.909957794015070931e+00
5.504054577500093728e+03 2.435650946723422550e+01
5.506052391400095075e+03 1.593434939431212882e+01
5.511024349700193852e+03 1.111138196628638752e+01
5.517019165799953043e+03 6.144478262141866765e+00
5.520032464100047946e+03 3.864968129020681431e+00
5.521973370000254363e+03 -5.932092901473392743e+00
5.522943899999838322e+03 -1.196214208700855153e+01
5.522995635100174695e+03 -2.570819648902073595e+00
5.523990506900008768e+03 -2.167619497658670014e+00
5.523993340000044554e+03 -1.206352147566614263e+01
5.524986490500159562e+03 -1.035285446053282499e+01
5.529977479999884963e+03 -1.010109901351540884e+01
5.531969879399985075e+03 2.456888578586486460e+00
5.532959809400141239e+03 -7.018965343158541259e+00
5.533958656600210816e+03 -5.681081145407041788e+00
5.537939622200094163e+03 1.497647000152961283e+01
5.538965811899863183e+03 5.027976033024586400e+00
5.540956540000159293e+03 1.377059367267513323e+01
5.703304179999977350e+03 -3.324297928169102079e+01
5.704296879999805242e+03 -1.402986191618047584e+01
5.759200660000089556e+03 2.119523379103526395e+00
5.760248819999862462e+03 6.535464393306426700e+00
5.760314421100076288e+03 1.337839916820331609e+01
5.784203590000048280e+03 9.253155855212824576e-02
5.785173179999925196e+03 3.137683913289470716e+00
5.791186760100070387e+03 -2.388862884403629039e+00
5.805152280000038445e+03 7.866415093350319410e+00
5.806152439999859780e+03 1.200098614167709243e+01
5.807137240000069141e+03 -1.445450254859074635e+00
5.808114680000115186e+03 1.310875876170847576e+01
5.809141259999945760e+03 1.432153542427182913e+01
5.810107960000168532e+03 2.361368691364361894e+00
5.811088239999953657e+03 1.126127311674659381e+01
5.812183790000155568e+03 -3.332307669001188799e+00
5.813228250000160187e+03 8.974411040235622750e+00
5.814052250000182539e+03 1.430042211335030800e+01
5.824151269999798387e+03 8.802295507123801599e+00
5.825164559999946505e+03 1.397035032233890206e+01
5.826137719999998808e+03 3.374555129177387869e+00
5.827147940000053495e+03 -6.775200794962543682e+00
5.847113142699934542e+03 1.891181530303356340e+00
5.858006419999990612e+03 1.395797652555508606e+01
5.859059820000082254e+03 1.436841944816266547e+01
5.860007029999978840e+03 8.688780820669961713e+00
5.861016369999852031e+03 1.681607194458145216e+01
5.862013100000098348e+03 2.056569718707049788e+01
5.863090950000099838e+03 7.864625616833158972e+00
5.881966370000038296e+03 -7.100927122556527138e+00
5.896948600000236183e+03 6.588827938446044641e+00
5.897950590000022203e+03 1.200371375940729024e+01
5.898952190000098199e+03 1.119034028595696384e+01
5.899955790000036359e+03 -4.032080736570833324e-01
5.900946370000019670e+03 1.058686193039081402e+01
5.902090431500226259e+03 -5.416501879250263940e+00
5.937966550000011921e+03 -1.064951877940431757e+01
5.968034373200032860e+03 -1.323772609259382449e+00
5.969011275600176305e+03 -1.171112897277636122e+01
6.090333310000132769e+03 9.931834232796035167e-01
6.114225325000006706e+03 -6.319120678142148506e+00
6.114251603200100362e+03 -9.365673899359251209e+00
6.114348856000229716e+03 -4.672451227374670779e+00
6.115351672200020403e+03 3.815445240368877222e+00
6.116320803899783641e+03 -4.829137247696500879e+00
6.117296100799925625e+03 -2.251875199476202738e+00
6.118380046300124377e+03 3.105103775426272250e-01
6.145325550499837846e+03 -1.562175428192666971e+01
6.146264374599792063e+03 -8.913818321028635694e+00
6.166203819999936968e+03 2.299955374760784821e-01
6.168296104100067168e+03 1.040025250907869747e+01
6.169094024000223726e+03 2.568360789621826257e+01
6.169228033099789172e+03 1.212728064199379219e+01
6.170193187499884516e+03 3.514297053320362352e+00
6.171129340200219303e+03 1.190573589700596102e+01
6.172135713600087911e+03 1.500126413970094319e+01
6.173200629999861121e+03 3.881019199517122154e+00
6.174177099999971688e+03 1.042804556980404840e+01
6.174243494899943471e+03 1.571352712804176477e+01
6.175214003900066018e+03 6.186571742614255243e+00
6.177148450000211596e+03 8.252448685078491053e+00
6.178119729999918491e+03 5.353112256843168382e+00
6.194999600000213832e+03 -1.908028161134308220e+01
6.195089569999836385e+03 -2.102676969711314925e+01
6.195238830000162125e+03 -3.481963628705442204e+01
6.196071030000224710e+03 -2.428847641842085636e+01
6.197193245499860495e+03 -5.418671492527955991e+00
6.198210557399783283e+03 -1.146821561701000292e+01
6.199290328599978238e+03 2.133318530934786850e-01
6.228018197000026703e+03 1.437129676141339019e+01
6.228159123300109059e+03 2.049420463943533832e+00
6.259079558100085706e+03 1.656786227827073077e+01
6.263071663300041109e+03 6.887249578547802287e+00
6.284930170999839902e+03 7.094063435792385519e+00
6.471293880000244826e+03 -4.169522115769616732e+00
6.489274038999807090e+03 1.143036759838772554e+01
6.493291590000037104e+03 3.532108920416654030e+00
6.494284279999788851e+03 -8.565542977123087098e+00
6.495228560000192374e+03 1.884372920642803706e+00
6.505251674099825323e+03 -5.182523697850911049e+00
6.506178007999900728e+03 -3.234678355351562118e+00
6.506392246100120246e+03 6.276795085970462651e+00
6.507371987299993634e+03 -2.138329141344144091e+00
6.520221789999864995e+03 1.644056453745918844e+01
6.521287279999814928e+03 1.850386226638326548e+01
6.523249189999885857e+03 2.332440581970710269e+01
6.524119589999783784e+03 3.468561051470540946e+01
6.524271290000062436e+03 2.444849949871117900e+01
6.525117300000041723e+03 1.864099307711479270e+01
6.525202240000013262e+03 1.392041924300950662e+01
6.530178579399827868e+03 1.656369976223605534e+01
6.551170770599972457e+03 5.155823189895301084e-01
6.552217253800015897e+03 2.987508290824401058e+00
6.553151026700157672e+03 -9.778303519216894557e+00
6.555111180000007153e+03 8.988846456170840327e-01
6.556087379999924451e+03 -1.199710849991123496e+01
6.557028959999792278e+03 2.404992712685704248e+00
6.560109975399915129e+03 1.441918409322806127e+01
6.560319047600030899e+03 1.468168349758707336e+01
6.587048200000077486e+03 -2.071561961046076306e+01
6.587976460000034422e+03 2.279872009746455319e+00
6.588948030000086874e+03 1.926175534894852603e+00
6.590076570000033826e+03 -8.993293619131708994e+00
6.591114120000042021e+03 7.125122118959428263e-01
6.618000460000243038e+03 -7.214619375924456790e+00
6.638044716299977154e+03 -4.853428662666289028e+00
6.638048599999863654e+03 6.337816706750103890e+00
6.641011260000057518e+03 -2.989247359155228878e+00
6.642027379999868572e+03 6.457198597362981296e+00
6.668053248399868608e+03 -7.571103332234045524e+00
6.669086202899925411e+03 -9.948629227235883832e+00
6.670061839300207794e+03 -3.048188947693780904e+00
6.671053726000245661e+03 -1.270325375729729522e+01
6.672057502000126988e+03 -3.859751253107296165e+00
6.673060958799906075e+03 -8.734953943803141385e+00
6.677006792699918151e+03 -1.206143324148823126e+01
6.819408220000099391e+03 1.245236054548819027e+01
6.847333509999793023e+03 1.775892050643427922e+01
6.848322709999978542e+03 8.782467509265252659e-01
6.849300100000109524e+03 -4.849766150468340697e+00
6.849315961599815637e+03 3.439363017617104390e+00
6.850274616899900138e+03 9.270858883708697817e+00
6.850316140000242740e+03 3.018008104932476954e+00
6.851350130000151694e+03 3.284976371177592114e+00
6.871172280000057071e+03 1.346790774550447622e+01
6.871249210000038147e+03 1.472513411316769094e+01
6.875272963399998844e+03 1.267148495245291429e+01
6.876233789999969304e+03 1.855537051830711803e+01
6.877247070000041276e+03 5.680327648062167611e+00
6.879249559999909252e+03 3.319017870935832093e+01
6.880230219999793917e+03 1.593297152910938053e+01
6.882333149999845773e+03 2.366948708151129921e+01
6.883215259999968112e+03 2.186397940475907120e+01
6.886241500000003725e+03 2.186345643567734953e+01
6.912351280000060797e+03 9.266892645865969058e+00
6.914226319999899715e+03 2.934350306371918293e+00
6.939051700000185519e+03 -4.496658384971709665e+00
6.966181090000085533e+03 1.366849995584363953e+01
6.967173690000083297e+03 7.331780777162542506e+00
6.969109300000127405e+03 1.118585545748610599e+01
6.995980920000001788e+03 -7.966880126959033248e+00
7.000016869999933988e+03 4.721567977917956682e+00
7.019976739999838173e+03 2.991313635202057242e+01
7.022096200000029057e+03 1.850886316667289577e+01
7.146301979999989271e+03 2.130513672429573901e+01
7.147295369999948889e+03 1.998496074758808305e+01
7.200358754700049758e+03 1.041317640985195681e+01
7.203268827999942005e+03 2.565817884099263324e+01
7.205259420000016689e+03 -5.012162842532536189e+00
7.206258919999934733e+03 2.433669385342978941e+00
7.227280236099846661e+03 5.651777239422703047e+00
7.228308218900114298e+03 1.750072437808968218e+01
7.229284049500245601e+03 7.846408548722386911e+00
7.230361526200082153e+03 2.204046924414472386e+01
7.231243732000235468e+03 2.341820013446360349e+01
7.232249763700179756e+03 1.309479782298380002e+01
7.240215689999982715e+03 1.734876976572444107e+01
7.241225560000166297e+03 1.131491195469389766e+01
7.243249489999841899e+03 7.181080002751536462e+00
7.244237370000220835e+03 7.895324160058919460e+00
7.260130311999935657e+03 2.172818076927662645e+01
7.260312054200097919e+03 -2.057669160534103980e+00
7.266174819999840111e+03 3.492840574796261421e+00
7.267290380000136793e+03 1.817821622953169935e+01
7.268221679999958724e+03 1.113700310041662078e+01
7.268358616000041366e+03 2.815524759212593153e-01
7.269162440000101924e+03 6.741521311923605708e+00
7.270154959999956191e+03 1.276276604775664936e+01
7.271105849999934435e+03 1.322412508405697906e+01
7.285114820000249892e+03 1.895118234839037541e+01
7.286129680000245571e+03 1.180766723605220392e+01
7.286256691399961710e+03 1.954436215382305164e+01
7.287132579999975860e+03 1.855146452309918814e+01
7.351127813899889588e+03 1.610598178165567163e+00
7.356122230499982834e+03 5.737025230955481447e+00
7.376116960899904370e+03 1.639401912587243615e+01
7.377144590000156313e+03 1.992885174575783935e+01
7.405018509999848902e+03 1.480481754515675163e+01
7.406034009300172329e+03 7.297005031142333564e+00
7.530409774600062519e+03 8.644697003343949859e+00
7.555422444100026041e+03 2.075278440615531395e+01
7.585394608200062066e+03 2.496942555916673712e+01
7.588292973900213838e+03 2.440275899340361931e+01
7.588294759999960661e+03 3.062780016093579150e+01
7.589267330000177026e+03 3.410195110259380158e+01
7.593285930000245571e+03 2.225252483544473137e+01
7.593382828100118786e+03 2.187423571007310841e+01
7.594297967200167477e+03 2.684494847570019971e+01
7.609363146000076085e+03 2.267254255101556204e+00
7.610343732499983162e+03 4.956137201320441221e+00
7.611390084899961948e+03 4.242367451125851119e+00
7.613268793699797243e+03 -5.827824025388679274e-01
7.614441196300089359e+03 -5.624849817132066221e+00
7.618230512499809265e+03 3.396776758558175402e-01
7.620239000699948519e+03 7.583754366657473156e+00
7.622249021600000560e+03 6.858117355351964761e+00
7.622259324700105935e+03 1.013128673322727735e+01
7.650060889999847859e+03 1.014689084345664583e+01
7.650345458799973130e+03 6.646643955713074092e+00
7.653077948799822479e+03 -4.501626834379694131e+00
7.677081573199946433e+03 2.128269051460046768e+01
7.678172800200060010e+03 2.838205497342464412e+01
7.682149998700246215e+03 1.830554509891781834e+01
7.683183602900244296e+03 1.537358285057517548e+01
7.706131197900045663e+03 -3.604203523505034923e+00
7.707182933500036597e+03 -5.549611889554284971e+00
7.708947692499961704e+03 1.129421983388879624e+01
7.711003934599924833e+03 -6.708809905884315583e+00
7.711066583999898285e+03 -9.060413744346778486e+00
7.711123459999915212e+03 -8.237982843099345587e+00
7.711169530699960887e+03 -8.480895628415851206e+00
7.711207146500237286e+03 -8.873643985992245575e+00
7.733011151100043207e+03 4.282506026599730120e+00
7.733942410000134259e+03 9.645431419974180187e+00
7.734096122500021011e+03 8.564680258051556194e+00
7.735014547599945217e+03 1.325842573544155556e+01
7.735956712999846786e+03 5.891687917431070787e+00
7.736076081399805844e+03 -4.983578153245701969e+00
7.737900268999859691e+03 1.984446052395291815e+01
7.742014893400017172e+03 -1.627009417906016608e+01
7.743004352299962193e+03 -2.954986767143324755e+00
7.761065944499801844e+03 -8.793970439624914093e-01
7.764014338999986649e+03 7.507734961557822828e+00
7.764123731200117618e+03 5.460170739182778732e+00
7.765005877300165594e+03 1.254206121514175720e+01
7.766007128600031137e+03 1.657975596886325320e+01
7.772018154900055379e+03 9.289037319421005634e+00
7.773015936499927193e+03 6.617900710843535705e+00
7.886419067999813706e+03 -9.996708587798597279e+00
7.887418667799793184e+03 2.685942080091127337e+00
7.888420218400191516e+03 -4.241706568866320026e+00
7.889423210300039500e+03 -1.669745364344592531e+00
7.890416769800242037e+03 8.216907472281818059e+00
7.911427261699922383e+03 -1.226847541777146944e+00
7.912425434799864888e+03 1.042464509440829090e+01
7.924249299299903214e+03 -8.638710745238538102e-01
7.943287312400061637e+03 1.089342254746560457e+01
7.946216609000228345e+03 9.935247854445387716e+00
7.948210709699895233e+03 5.168961200646656096e+00
7.949153359999880195e+03 1.028995526634783175e+01
7.949224962899927050e+03 1.172315159975510568e+01
7.949271631900221109e+03 1.081848954296905418e+01
7.950211842800024897e+03 1.132680756901478958e+01
7.951238295599818230e+03 7.280383221637109159e+00
7.964191652299836278e+03 -8.607061579187856637e+00
7.966398858599830419e+03 -6.297866445365023935e+00
7.967254029999952763e+03 -1.649715039005284112e+01
7.968201830000150949e+03 -1.977797366053461303e+01
7.976231769999954849e+03 -1.444990758745404946e+01
7.998155610000248998e+03 2.787055541273971926e+00
7.999131209999788553e+03 -1.225644208461460494e+00
8.000035319999791682e+03 7.145869866947720084e+00
8.000134190000128001e+03 1.099402897224569386e+01
8.004098900000099093e+03 -5.797099676887501829e+00
8.005062607199884951e+03 -7.856719682903742452e+00
8.005142640000209212e+03 -3.479217463478624595e+00
8.006100961800199002e+03 -2.040748734634121320e+00
8.006137349999975413e+03 -2.721144464497427862e+00
8.006259517100173980e+03 -1.088459862402007872e+01
8.007160670000128448e+03 -1.653076849977321672e+01
8.009137703800108284e+03 -1.332740362027125514e+01
8.024086899999994785e+03 -7.325445878085325546e+00
8.025074039999861270e+03 -1.101915198773184557e+00
8.027231579900253564e+03 1.041881696636743015e+00
8.028237103099934757e+03 8.467935071712780370e+00
8.029223203800152987e+03 -8.493692656393889706e-01
8.033227214800193906e+03 1.179733032634971579e+01
8.034067597799934447e+03 2.270372902347358490e+01
8.039160097199957818e+03 1.257305148801808059e+01
8.054014391600154340e+03 3.114604956400860658e+00
8.055184190799947828e+03 -1.035215047644955177e+01
8.056082970600109547e+03 -1.207578268160669932e+00
8.058017678999807686e+03 -8.449210540367658950e+00
8.060985665599815547e+03 -9.745412364296065277e+00
8.062036072200164199e+03 -2.885293891002014277e+00
8.062902634500060230e+03 -4.501915267100367046e+00
8.062958730000071228e+03 -1.040393795980152980e+01
8.062975021800026298e+03 -1.158193591668029754e+01
8.063100420800037682e+03 -1.637491998422855843e+01
8.064886996999848634e+03 -2.654605272859363652e+00
8.064985053999815136e+03 -5.412998612971904322e-01
8.065131238000001758e+03 -7.392234372222020511e+00
8.065931036000140011e+03 -4.184010940278312773e+00
8.066014626999851316e+03 -5.632966948048903078e+00
8.066108948000241071e+03 -1.136137253619995136e+01
8.066897073999978602e+03 -1.265299447214432860e+01
8.067001906000077724e+03 -1.956408257903461845e+00
8.067106174999848008e+03 -5.920834706733870689e-01
8.067875849000178277e+03 3.563680196377490006e+00
8.067977864999789745e+03 7.651219025383760197e+00
8.068888540999963880e+03 -4.626291932682420338e-01
8.068950104999821633e+03 2.175119878576836641e+00
8.069061964999884367e+03 -4.110948295209844616e+00
8.069909680000040680e+03 5.824262475724125920e+00
8.070013429000042379e+03 7.376245063532216761e+00
8.086877983999904245e+03 4.880847858643626580e+00
8.088924569999799132e+03 1.380085614763103763e+00
8.089867000999860466e+03 1.110473834293305373e+01
8.090862610999960452e+03 2.610187131400302007e+00
8.091024753000121564e+03 1.086391836337828209e+01
8.091880067999940366e+03 -5.712331591625694927e+00
8.091955176999792457e+03 -3.367069590955352965e+00
8.092041734999977052e+03 3.073601993173689095e-01
8.092867500000167638e+03 3.008926702549203469e+00
8.092989219599869102e+03 1.821244089514579834e+00
8.093049995000008494e+03 9.201492780834126251e+00
8.093990266699809581e+03 -1.089114186125500794e+01
8.094993167100008577e+03 -7.312531235448723521e+00
8.118999578400049359e+03 -7.015633533645342368e-01
8.119874896999914199e+03 5.685341675893248237e+00
8.119956987999845296e+03 5.848987309789769995e+00
8.119998538100160658e+03 4.667896292031983307e-01
8.120872043000068516e+03 1.672304741333508105e+01
8.120998391699977219e+03 8.381769969350969518e+00
8.121912611000239849e+03 1.033380511453940009e+01
8.121997990199830383e+03 -8.682329539509323624e-01
8.122875090000219643e+03 3.623687766558337131e+00
8.123885183000005782e+03 1.557580914182290144e+01
8.123934047999791801e+03 1.656158236652863991e+01
8.124892599999904633e+03 5.262216999012679253e+00
8.124956633000168949e+03 -4.624302229837695677e-01
8.125000687399879098e+03 -2.708307323015887391e+00
8.125894133999943733e+03 1.158157958339743487e+01
8.125951642000116408e+03 1.320471479178593199e+01
8.143883448999840766e+03 -1.915654637307966368e+00
8.144012935400009155e+03 -1.517643261366868757e+01
8.144882990200072527e+03 -1.319851196724967224e+01
8.145005598300136626e+03 -1.299440115729057155e+01
8.145880187999922782e+03 2.379562174312894740e-01
8.148886063999962062e+03 -4.573559002808025298e-01
8.149887093000113964e+03 -7.988357547771030909e+00
8.150017005700152367e+03 -1.924909880428982945e+01
8.263389576899819076e+03 -4.813670977894147995e+00
8.264420879300218076e+03 9.982472593280533602e-02
8.265392431899905205e+03 -4.285969715397754953e-01
8.273408836199901998e+03 -1.449678875103154496e+01
8.292353825599886477e+03 -1.180042476674435648e+01
8.293282384000252932e+03 1.409463274027714874e+00
8.295282340399920940e+03 -5.433404049872287089e+00
8.298260845100041479e+03 -1.725982675496917196e+00
8.299373048800043762e+03 -3.595100984136031741e+00
8.300330238100141287e+03 -9.323117768746357115e+00
8.301342483200132847e+03 3.045078298631111124e+00
8.323266011099796742e+03 -1.659997863390978523e+01
8.324257835499942303e+03 -1.033039410687766946e+01
8.325379546499811113e+03 -2.298744953486965059e+01
8.326190065199974924e+03 -2.324224820498809407e+01
8.350366613899823278e+03 3.638676846865536163e+00
8.353320686200167984e+03 -7.161778244072920074e+00
8.375953783799894154e+03 -2.161000534306026566e+00
8.375997307899873704e+03 -4.106116442902134622e+00
8.376031711400020868e+03 -5.942664540786637417e+00
8.376665299999993294e+03 -2.311290146219050712e+00
8.381822738599963486e+03 9.418202012049007976e+00
8.381848400000017136e+03 8.260631610518331058e+00
8.381913959899917245e+03 2.324782992765676681e+00
8.381950866600032896e+03 1.831608154136660005e+00
8.382176907899789512e+03 -8.306383245920613945e+00
8.382177740000188351e+03 -2.315129270511263826e+00
8.382732228000182658e+03 4.126653691697867998e+00
8.384760854199994355e+03 6.993737977275458206e+00
8.384790604500100017e+03 7.266377550340109792e+00
8.384862753800116479e+03 1.038028930900093627e+00
8.384891700000036508e+03 -1.979138707988891355e+00
8.385946438000071794e+03 -4.988893306740638245e+00
8.386073268000036478e+03 6.626783978360785810e+00
8.386198255000170320e+03 7.466762460319939620e+00
8.386950263000093400e+03 3.922698264365493515e+00
8.387956050000153482e+03 -5.759571308208236928e+00
8.388116981999948621e+03 6.420958975543989311e+00
8.388974882000125945e+03 1.409491676278533134e+01
8.389084817999973893e+03 8.258472538360294379e+00
8.389977303999941796e+03 -3.454055345472838212e+00
8.390069660999812186e+03 1.142041026023558459e+01
8.390182885999791324e+03 -2.360896654160484331e+00
8.392918997600208968e+03 1.102363354080266156e+01
8.392961195299867541e+03 9.853619349007301409e+00
8.392988446999806911e+03 8.083974199146961581e+00
8.396540662100072950e+03 1.408741534359778314e+01
8.396571500000078231e+03 1.312280020185450269e+01
8.396642816700041294e+03 9.165749466609284468e+00
8.396682374999858439e+03 6.302129943088232267e+00
8.398761650000233203e+03 6.799809469906229253e+00
8.398788800000213087e+03 3.701191333248047499e+00
8.398856449999846518e+03 -3.037874384825990148e+00
8.401710299999918789e+03 5.534899331145979318e-01
8.401805600000079721e+03 -3.810661913958426794e+00
8.404661657900083810e+03 -4.529621749152298094e+00
8.404745266700163484e+03 -9.822918785242720219e+00
8.404780266699846834e+03 -1.083502682386226468e+01
8.406887756300158799e+03 -3.918167745118424250e+00
8.406929679300170392e+03 -6.065022849022483342e+00
8.406953734999988228e+03 -7.947482776268017801e+00
8.408967685999814421e+03 -5.347724613141977557e+00
8.409066931399982423e+03 -6.965330338195219184e+00
8.409909296100027859e+03 -8.651025725992433024e+00
8.410097236699890345e+03 -1.535725002381920490e+01
8.410568899999838322e+03 -6.106330031006557135e+00
8.410640083100181073e+03 -9.071610995350781081e+00
8.410671038500033319e+03 -1.092239363762961801e+01
8.410927294100169092e+03 -1.399471980555389194e+01
8.411034742199815810e+03 -7.816298907291525211e+00
8.411943795300088823e+03 -1.065644916355461191e+01
8.412080470699816942e+03 -1.844131364662180061e+01
8.412935434900224209e+03 -2.634146531769207300e+01
8.413120159000158310e+03 -1.737129921557554013e+01
8.418259769100230187e+03 -2.002791805556566374e+01
8.418627600000239909e+03 -6.345336724295549402e+00
8.423831018100026995e+03 2.137298061128639404e+00
8.423872470300178975e+03 2.403852818465530561e-01
8.423902527700178325e+03 -1.260249428105264968e+00
8.432638413200154901e+03 3.530118336081287111e+00
8.432664199999999255e+03 2.348741052926882844e+00
8.432735919999890029e+03 -4.263073266870932798e+00
8.435589016700163484e+03 1.070900290585912984e+01
8.435616100000217557e+03 9.956924186912395669e+00
8.435681249999906868e+03 3.617878998937833046e+00
8.435709199999924749e+03 -1.224550833918840453e-01
8.435999191000126302e+03 -3.564012497673815005e+00
8.436983425999991596e+03 5.435545801826040524e+00
8.437950826699845493e+03 -5.436444848761368576e+00
8.438937990800011903e+03 5.386680566625265953e+00
8.440031742999795824e+03 1.129659433475161734e+00
8.440959191000089049e+03 -7.624189425185605273e+00
8.441153293100185692e+03 -1.180223022572859293e+01
8.442069079599808902e+03 -1.396756040659155929e+00
8.442938082000240684e+03 3.469213403740589285e+00
8.443970575000159442e+03 -1.396080696986782499e+01
8.445894274999853224e+03 -5.569920781184990233e+00
8.447005694999825209e+03 -2.185648829704359741e+01
8.469879414000082761e+03 -1.283316221733575446e+01
8.469974946999922395e+03 -1.211297564912274538e+01
8.470866760999895632e+03 -4.290586668628094458e+00
8.470990217000246048e+03 -7.968031265035598665e+00
8.471939371000044048e+03 -1.821264029758617298e+01
8.472931388999801129e+03 -1.059767785041944421e+01
8.473871869999915361e+03 -6.305274803557638919e+00
8.474913292999844998e+03 -1.587126171953590870e+01
8.474965528999920934e+03 -1.606026940224679578e+01
8.475867628999985754e+03 6.643735353137714128e-01
8.495014958300162107e+03 -2.229395568272073547e+01
8.498011385200079530e+03 -2.157524267783610838e+01
8.501047242400236428e+03 -2.782499390685227070e+01
8.614422093300148845e+03 4.913508486141225262e+00
8.616425681199878454e+03 -1.022626927570941291e+01
8.624417741700075567e+03 -1.942018537915241438e+01
8.629390774699859321e+03 -1.694090202581497095e+01
8.630402415699791163e+03 -1.985704138673750663e+01
8.740149357399903238e+03 -1.758477236700193203e+01
8.749102192900143564e+03 -8.314974991811297400e+00
8.765023950499948114e+03 -3.802377288945114486e+01
8.773643828699830920e+03 -8.878539767436926411e+00
8.776609119399916381e+03 -7.196106532674264145e+00
8.776636799999978393e+03 -7.996918325366543456e+00
8.776704514299985021e+03 -1.341184316758332074e+01
8.776737566700205207e+03 -1.461231308169832488e+01
9.007427107899915427e+03 -1.838182425993915814e+01
9.009427129500079900e+03 -1.056485205829068263e+01
9.010377479699905962e+03 -1.343902265449119682e+01
9.032930182700045407e+03 -1.175811991944448209e+01
9.032972920599859208e+03 -1.391801709145055099e+01
9.033012452799826860e+03 -1.564431816763696759e+01
9.036349681099876761e+03 -1.870922678939898987e+01
9.046879203400108963e+03 -1.287121291589649275e+00
9.046921105999965221e+03 -2.096718286396153985e+00
9.046964186000172049e+03 -3.950138383125619157e+00
9.047006908500101417e+03 -5.337155038030445553e+00
9.047040280499961227e+03 -7.585344107416162274e+00
9.059218873899895698e+03 -7.523156624161622119e-01
9.080783808200154454e+03 -6.400142136576647545e-01
9.080828817700035870e+03 -3.215201559446612123e+00
9.080874665600247681e+03 -5.812850762797395987e+00
9.080903170700185001e+03 -5.697455797924796173e+00
9.096137007799930871e+03 5.102965194845455521e+00
9.105872754100244492e+03 1.456521978962937425e+01
9.105914636599831283e+03 1.139767486610941205e+01
9.105959598400164396e+03 7.765036068947182457e+00
9.130124946900177747e+03 -7.742572537159460921e+00
9.131113199799787253e+03 -2.217162084980594727e+01
9.136788388799875975e+03 1.535510871081527284e+01
9.136833204499911517e+03 1.376962757862820297e+01
9.136877095600124449e+03 1.217657191990970489e+01
9.167711980000138283e+03 2.741570294777353922e+00
9.167755825600121170e+03 7.653195250459674526e-01
9.167793335199821740e+03 -1.566980371073952938e+00
9.248005379999987781e+03 -1.417485117287436225e+01
9.249006948499940336e+03 -2.767795174468639274e+01
9.250006517800036818e+03 -1.680095021939898103e+01
9.251014220200013369e+03 -2.709823256389113055e+01
