0.000000000000000000e+00 1.402295480430912633e+01
2.683136999998241663e+02 -2.949867408328995744e+00
4.389582199999131262e+02 2.734660445762202841e+01
7.969391999999061227e+02 -3.657559126159343066e+01
1.067271100000012666e+03 7.294938279893212751e+00
1.092030499999877065e+03 -6.984154184181659275e+01
1.327306100000161678e+03 -4.991092233663476208e+01
1.413233599999919534e+03 -4.773644436060209273e+01
1.414160500000230968e+03 -6.125790421600247271e+01
1.535998600000049919e+03 3.602446859063377360e+00
1.727291250000242144e+03 2.766941350691582358e+01
1.771114899999927729e+03 3.636490290727376617e+01
1.772197000000160187e+03 5.623759614764502857e+01
1.890917799999937415e+03 7.832097204044744387e+01
2.097333200000226498e+03 7.888608107444746054e+01
2.189044410000089556e+03 -3.032706451095214817e+01
2.190102030000183731e+03 -5.841455919485861870e+01
2.215067850000225008e+03 5.445219512936713357e+01
2.478258280000183731e+03 6.516400386059117977e+01
2.509151839999947697e+03 2.597841164965360861e+01
2.510188940000254661e+03 -1.867379624924502934e+01
2.510275859999936074e+03 -1.754314240311785511e+01
2.511046370000112802e+03 -4.853734100697762699e+01
2.511256330000236630e+03 -4.902575849724382806e+01
2.512015120000112802e+03 -6.099003341363447817e+01
2.512162580000236630e+03 -6.237891974538365503e+01
2.513118629999924451e+03 -8.890169078800020941e+01
2.513239730000030249e+03 -9.400077406022978721e+01
2.542142430000007153e+03 -6.946497408303693533e+01
2.543158660000190139e+03 -7.197677294670060633e+01
2.546127650000154972e+03 -2.368270718917112205e+01
2.547047830000054091e+03 -3.775216386936421031e+00
2.548107520000077784e+03 2.807342902684164443e+01
2.549121040000114590e+03 4.989171677624466383e+01
2.550137320000212640e+03 5.877004582239047892e+01
2.565980340000241995e+03 6.737236388269791121e+01
2.566123569999821484e+03 5.933358174537342933e+01
2.566895000000018626e+03 4.826014789240468161e+01
2.567034649999812245e+03 4.541133777222365353e+01
2.570157420000061393e+03 -3.377195612717942197e+01
2.572018850000109524e+03 -6.515594663015338028e+01
2.573932810000143945e+03 -5.896941431982658344e+01
2.590019020000007004e+03 -3.131755072275235818e+01
2.593009589999914169e+03 3.724941214188947214e+01
2.593956859999801964e+03 5.687799216707993821e+01
2.594994849999900907e+03 5.279741584284443690e+01
2.601004220000002533e+03 -7.915757099564173416e+01
2.601958480000030249e+03 -7.770876297977854108e+01
2.602903789999894798e+03 -7.583001787512522185e+01
2.608009539999999106e+03 7.134755757548968802e+01
2.608956360000185668e+03 6.859644404386571637e+01
2.620953189999796450e+03 3.614081546949583412e+01
2.621971040000207722e+03 6.247067317271648079e+01
2.622956629999913275e+03 7.371024182106420142e+01
2.623958680000156164e+03 9.115999394406291856e+01
2.624957719999831170e+03 8.269974062519874280e+01
2.635956679999828339e+03 3.623864818561854406e+01
2.636943570000119507e+03 4.454856595301963296e+01
2.654960280000232160e+03 6.124401841413990155e+01
2.843275859999936074e+03 6.049885167192896773e+01
2.859198520000092685e+03 5.751347387503808761e+01
2.863224100000225008e+03 -4.819968468834467501e+01
2.924051359999924898e+03 -7.481101149274161344e+01
2.925033030000049621e+03 -7.699809509304859034e+01
2.926043659999966621e+03 -5.052442719229773616e+01
2.958041619999799877e+03 -5.843967879786404751e+00
2.959034500000067055e+03 3.107188214169514140e+01
2.971996609999798238e+03 3.867021598785953529e+00
2.984989829999860376e+03 -4.564231524357068537e+01
3.035963330000173301e+03 3.433594469523838200e+01
3.215172340000048280e+03 -5.753891586923680990e+01
3.216231910000089556e+03 -6.738993980882246149e+01
3.253201640000101179e+03 6.206407656756116609e+01
3.574303199999965727e+03 4.722765075555495429e+01
3.576288559999782592e+03 6.140801213822793869e+01
3.628147929999977350e+03 -6.310408387574121036e+01
3.634195489999838173e+03 7.192784259659730139e+01
3.635152929999865592e+03 8.820877571125970462e+01
3.664010230000130832e+03 7.089137564931452573e+01
3.719991570000071079e+03 4.444459261515218174e+01
3.726978010000195354e+03 4.123714766103748985e+00
3.747899453000165522e+03 1.344269471027658902e+01
3.890322730000130832e+03 -5.396028130206088491e+01
3.925159808999858797e+03 2.540789308173399874e+01
3.951246108000166714e+03 -3.167181090170160118e+01
3.954120231000240892e+03 4.861661165473149282e+01
3.954266090000048280e+03 5.391287539817218999e+01
3.956276839999947697e+03 8.741726064532439011e+01
3.958219219999853522e+03 8.353709182599153849e+01
3.961277809999883175e+03 -6.848616672273488692e-01
3.977114725999999791e+03 -1.625107944920166858e+01
4.003118830000050366e+03 6.715801043041859941e+01
4.029097790000028908e+03 6.461109790706142064e+01
4.048004379999823868e+03 2.780713717511562066e+01
4.048975947999861091e+03 -6.266705449935728867e-01
4.051075660000089556e+03 -6.375742911556453407e+01
4.076988872000016272e+03 3.951926620869476636e+01
4.109912998000159860e+03 -7.278002235705855583e+01
4.261318830000236630e+03 1.581556354093787320e+01
4.263305819999892265e+03 6.545679018823351214e+01
4.281326640000101179e+03 5.383763010717240149e+01
4.282307109999936074e+03 2.085117099482694769e+01
4.283156046200077981e+03 -5.873070429176909357e+00
4.295275859999936074e+03 7.029724304610290631e+01
4.301289460000116378e+03 -5.600532504149543200e+01
4.316274929999839514e+03 -7.072646932937423969e+01
4.328233119999989867e+03 -3.401775999487852431e+01
4.332166180000174791e+03 -6.159908595772245121e+01
4.335234560000244528e+03 1.888260729865763921e+01
4.336196599999908358e+03 3.869119562274178037e+01
4.339137085999827832e+03 5.541187362273839767e+01
4.349178890000097454e+03 1.666949687029707761e+01
4.391058029999956489e+03 -2.909457888223687405e+01
4.393079770000185817e+03 2.200615296709606383e+01
4.401019330000039190e+03 -3.567824103703145511e+00
4.409021128000225872e+03 2.305835112282916910e+01
4.421984840000048280e+03 -1.401464782297134093e+01
4.426003465000074357e+03 6.482862602971788135e+01
4.454980440000072122e+03 7.561041491336503384e+01
4.460954729999881238e+03 -5.212834767599988339e+01
4.461960090000182390e+03 -6.308145964861597577e+01
4.462969399999827147e+03 -7.173180151688261219e+01
4.638314919999800622e+03 -7.934332975219793127e+01
4.640408040000125766e+03 -8.381413210281029080e+01
4.642279273999854922e+03 -4.533665315176929056e+00
4.657284729999955744e+03 -1.173428597447415456e+00
4.664320679999887943e+03 4.503059137525884381e+00
4.670261237999890000e+03 -3.666024476928932785e+01
4.678304390000179410e+03 1.792073208355301261e+01
4.684257730000186712e+03 -4.956618759266671503e+01
4.689233620000071824e+03 5.515139466918029854e+01
4.700205589999910444e+03 -7.265279232973981038e+00
4.703250469999853522e+03 6.657265311460001556e+01
4.707257830000016838e+03 4.957222866351554558e+01
4.709225939999800175e+03 -1.472342665561887998e+01
4.720164460000116378e+03 6.095645613093292070e+01
4.720209449999965727e+03 5.713652307501422456e+01
4.721044170000124723e+03 3.954774320191855708e+01
4.725076853999868035e+03 -6.122317419451395892e+01
4.728076669999863952e+03 -6.907362223010339619e+01
4.729119909999892116e+03 -4.810719380318624872e+01
4.737074109999928623e+03 1.813317206497405465e+01
4.738126259999815375e+03 -8.446342568584206845e+00
4.755086380000226200e+03 -6.261732984493335863e+01
4.755267669999971986e+03 -7.859203227109109946e+01
4.756000469999853522e+03 -6.807784977160032724e+01
4.756163000000175089e+03 -7.821255024078583062e+01
4.757059359999839216e+03 -5.824851115630574583e+01
4.760102030000183731e+03 4.301923628832366830e+01
4.767055350000038743e+03 -1.108786111737027369e+01
4.770046029999852180e+03 -8.610174231872188955e+01
4.775046502000186592e+03 1.029343614235014925e+01
4.781084449999965727e+03 -2.230334276685667305e+00
4.781961409999988973e+03 -1.652209694691004671e+01
4.797004389999900013e+03 -1.565878402012431536e+01
4.801968210000079125e+03 -4.319353461229485447e+01
4.806938372000120580e+03 5.794317152713997388e+01
4.809959850000217557e+03 1.093000238776745903e+01
4.829984120000153780e+03 -6.494074577830686223e+01
4.830982100000139326e+03 -5.378530138618599921e+01
4.831974280000198632e+03 -2.504987989084841615e+01
4.840985059999860823e+03 -1.735370045203582379e+01
4.841982590000145137e+03 -4.406879804914699150e+01
4.842981689999811351e+03 -7.346395260586881193e+01
4.843991059999912977e+03 -6.497920979358366367e+01
4.848001420000102371e+03 -6.700588553887676824e+00
4.848967029999941587e+03 3.014414704622712904e+01
4.849973360000178218e+03 4.849861255574893448e+01
4.850978269999846816e+03 5.007303698112832535e+01
4.974299730000086129e+03 -4.709596859787379941e+01
4.975297699999995530e+03 -5.619688475052326027e+01
4.976262060000095516e+03 -6.385746987917860906e+01
4.986289989999961108e+03 1.628034230172334063e+01
4.988319809999782592e+03 -4.288283313687404785e+01
4.994382569999899715e+03 -6.067583676976244789e+00
4.995398980000056326e+03 1.325052113638895790e+01
4.996314919999800622e+03 5.029437175411015204e+01
4.997313149999827147e+03 6.711261762199853820e+01
4.998254740000236779e+03 6.138149639659466317e+01
5.006287469999864697e+03 -5.342471458192682121e+01
5.016281179999932647e+03 -6.497715369923419360e+00
5.020261090000160038e+03 -5.264770657064558179e+01
5.022237149999942631e+03 -9.882738939074314999e+00
5.022301469999831170e+03 -2.816815915303665108e+01
5.023328540000133216e+03 -2.901227416719468266e+00
5.024383630000054836e+03 2.932530859440032955e+01
5.028255840000230819e+03 6.450015905133319905e+01
5.030233729999978095e+03 8.994540790674108166e+00
5.053204930000007153e+03 3.692700444592446729e+01
5.074242560000158846e+03 -1.631504369902009088e+01
5.075309489999897778e+03 -4.237052235266136790e+01
5.078219060000032187e+03 -7.944832120093157357e+01
5.083003254999872297e+03 4.604125019711947431e+00
5.102240160000044852e+03 2.481646777835639384e+01
5.104220910000149161e+03 -2.860409658542507216e+01
5.127025160000193864e+03 2.724969656501909299e+01
5.133036859999876469e+03 -2.473272872640079711e+01
5.134095569999888539e+03 -5.162007170688923452e+01
5.144019559999927878e+03 7.475028886075432411e+01
5.145026829999871552e+03 6.669344987526585555e+01
5.158969630000181496e+03 7.181719250944404109e+01
5.164004490000195801e+03 -6.160679458286763577e+01
5.199075600000098348e+03 2.180482199420556100e+00
5.225900183999910951e+03 -6.911497105865440460e+01
5.226015039999969304e+03 -7.249454489622610254e+01
5.349256140499841422e+03 5.914913991561265760e+01
5.351246724400203675e+03 2.920238255616654754e+01
5.353255559099838138e+03 -3.043306524076334085e+01
5.354237446300219744e+03 -5.583965866107805454e+01
5.356214019299950451e+03 -8.221170942961562389e+01
5.370182510099839419e+03 -6.030850917027356672e+01
5.371191980800125748e+03 -6.416272759131416592e+01
5.375192720899824053e+03 2.331097530379239657e+01
5.376177247699815780e+03 4.023843740513423484e+01
5.380164573600050062e+03 5.724955992489984169e+01
5.381181778099853545e+03 1.892498958663601627e+01
5.385143439299892634e+03 -7.501257669732498812e+01
5.387130759700201452e+03 -7.414706291403842897e+01
5.403103455199860036e+03 -3.110159292867367498e+01
5.405091061499901116e+03 2.443120371765768084e+01
5.406095983400009573e+03 5.303066026484867734e+01
5.408296305399853736e+03 8.008738580641166038e+01
5.409295268999878317e+03 5.538857429363012841e+01
5.409308290000073612e+03 4.439706777352758138e+01
5.410088569200132042e+03 4.127795672754269418e+01
5.412259260000195354e+03 -3.574137236889681901e+01
5.412297217600047588e+03 -2.824100198619592561e+01
5.413289729999843985e+03 -3.873694623040320550e+01
5.415066031999886036e+03 -6.717329019917744404e+01
5.416060355700086802e+03 -6.641245836319734508e+01
5.416292909400071949e+03 -4.982442588321909227e+01
5.417071390599943697e+03 -3.786496627715523289e+01
5.419289631499908864e+03 2.863447636615788383e+01
5.420057311399839818e+03 5.258800938700564842e+01
5.420284130699932575e+03 4.850124482629621525e+01
5.421040682299993932e+03 6.297954172642911175e+01
5.421267597700003535e+03 7.166521734532173582e+01
5.422046988199930638e+03 7.816725571181069654e+01
5.425060025800019503e+03 3.914264366857377553e+01
5.425271435600239784e+03 3.119890013980274546e+01
5.428038128099869937e+03 -5.022163682650403871e+01
5.430243050000164658e+03 -8.349273872579516365e+01
5.431092910000123084e+03 -7.460433605699631698e+01
5.436186989999841899e+03 6.482569866054400620e+01
5.437185221999883652e+03 6.125390035928572274e+01
5.439131330000236630e+03 3.029557616290896149e+01
5.440151839999947697e+03 7.923935427297550405e+00
5.442176250000018626e+03 -5.046823001390679764e+01
5.443158850000239909e+03 -7.430360027252982036e+01
5.446201755700167269e+03 -6.489276436717931063e+01
5.453182215100154281e+03 7.965130036805001623e+01
5.454951737899798900e+03 2.470333797502988915e+01
5.456119609999936074e+03 -1.531345372171138530e+00
5.456197851300239563e+03 -1.920640117763873000e+00
5.459121193999890238e+03 -5.323762062026679587e+01
5.461181573600042611e+03 -1.760878394486825016e+01
5.463941852000076324e+03 4.980505655102732021e+01
5.464154324400238693e+03 6.274255324684947510e+01
5.467051870000082999e+03 6.942463054650981746e+01
5.471922804399859160e+03 -4.684979202583193114e+01
5.472912922599818558e+03 -5.633869256463523811e+01
5.474125159400049597e+03 -6.956110577528934868e+01
5.474902876699808985e+03 -6.410792010295813270e+01
5.478106353600043803e+03 2.295540100004721040e+01
5.478892295899800956e+03 5.142985324736006447e+01
5.484865468000061810e+03 7.234456679724346806e+00
5.485108458200003952e+03 -1.735744850603549594e+01
5.487092372999992222e+03 -4.020104198635343096e+01
5.488049436999950558e+03 -7.292576487194165225e+01
5.488093559000175446e+03 -6.377829524384362969e+01
5.490074370000045747e+03 -4.014413000925284791e+01
5.491016090000048280e+03 -2.999003490911956504e+01
5.498311739999800920e+03 2.611357446991317133e+01
5.501008590000215918e+03 -2.351690853504673839e+01
5.503007309999782592e+03 -6.039273049474466859e+01
5.504054577500093728e+03 -3.291086675780633186e+01
5.506052391400095075e+03 3.841381017660872921e+00
5.511024349700193852e+03 8.253959308649673687e+01
5.517019165799953043e+03 -5.717454215128250183e+01
5.520032464100047946e+03 -2.646944250198171744e+01
5.521973370000254363e+03 1.651014664469571969e+01
5.522943899999838322e+03 3.514229621543303494e+01
5.522995635100174695e+03 4.765529239570507514e+01
5.523990506900008768e+03 6.537074427427226908e+01
5.523993340000044554e+03 5.353214102766580851e+01
5.524986490500159562e+03 6.371869641079062774e+01
5.529977479999884963e+03 -4.613061458971371565e+01
5.531969879399985075e+03 -6.246782603990374128e+01
5.532959809400141239e+03 -6.894610255280417732e+01
5.533958656600210816e+03 -5.268879669602778648e+01
5.537939622200094163e+03 7.124312321775799717e+01
5.538965811899863183e+03 7.597632440953424293e+01
5.540956540000159293e+03 7.573884522904755556e+01
5.703304179999977350e+03 3.554852498597639965e+00
5.704296879999805242e+03 -5.991283979049047304e+00
5.759200660000089556e+03 7.379836849304069801e+01
5.760248819999862462e+03 7.475746186248703395e+01
5.760314421100076288e+03 6.859940683941721318e+01
5.784203590000048280e+03 -2.073163735540369146e+01
5.785173179999925196e+03 1.015937302421201593e+01
5.791186760100070387e+03 2.288710127063984956e+01
5.805152280000038445e+03 6.160602392293475305e+01
5.806152439999859780e+03 4.106480952254936057e+01
5.807137240000069141e+03 -1.835818251109433641e+00
5.808114680000115186e+03 -1.614618783132544166e+01
5.809141259999945760e+03 -3.891863569052040361e+01
5.810107960000168532e+03 -6.324865321449763655e+01
5.811088239999953657e+03 -5.466927808208140505e+01
5.812183790000155568e+03 -5.553473380742624954e+01
5.813228250000160187e+03 -1.940812263242107960e+01
5.814052250000182539e+03 8.947610445162517578e+00
5.824151269999798387e+03 -5.033497406863315149e+01
5.825164559999946505e+03 -5.329763990357795933e+01
5.826137719999998808e+03 -5.917866154310024740e+01
5.827147940000053495e+03 -5.276129254219273435e+01
5.847113142699934542e+03 6.123645578550836888e+01
5.858006419999990612e+03 8.533471182067614791e+00
5.859059820000082254e+03 3.917745089640776257e+01
5.860007029999978840e+03 5.716602607717605622e+01
5.861016369999852031e+03 8.268183859587898610e+01
5.862013100000098348e+03 9.266815713321874171e+01
5.863090950000099838e+03 7.291086917533429812e+01
5.881966370000038296e+03 -5.129584873253881483e+01
5.896948600000236183e+03 -4.463143825593137137e+01
5.897950590000022203e+03 -5.309697733421805310e+01
5.898952190000098199e+03 -5.502254304280259589e+01
5.899955790000036359e+03 -5.511824415567625124e+01
5.900946370000019670e+03 -2.283339591543856173e+01
5.902090431500226259e+03 -1.947175035781810593e+01
5.937966550000011921e+03 1.997877888765772525e+01
5.968034373200032860e+03 -5.543872333374835648e+00
5.969011275600176305e+03 -4.546063037103805016e+01
6.090333310000132769e+03 -5.539825951959944206e+01
6.114225325000006706e+03 7.401852596104220083e+00
6.114251603200100362e+03 -4.354926827225554575e+00
6.114348856000229716e+03 -2.582518751429173420e+00
6.115351672200020403e+03 -2.460650321625265491e+01
6.116320803899783641e+03 -5.947281063207098839e+01
6.117296100799925625e+03 -7.510737994618747848e+01
6.118380046300124377e+03 -7.934223613888912041e+01
6.145325550499837846e+03 -6.282099908358252094e+01
6.146264374599792063e+03 -7.666270466823158358e+01
6.166203819999936968e+03 9.370927912844830843e+00
6.168296104100067168e+03 5.796002176348696366e+01
6.169094024000223726e+03 9.093037368440460000e+01
6.169228033099789172e+03 7.037542078860467143e+01
6.170193187499884516e+03 6.190264739711044228e+01
6.171129340200219303e+03 5.946415552684416639e+01
6.172135713600087911e+03 4.050316410095379638e+01
6.173200629999861121e+03 -1.417404350925119516e+00
6.174177099999971688e+03 -1.199499118325454816e+01
6.174243494899943471e+03 -2.093926317015515082e+01
6.175214003900066018e+03 -5.479553235633562736e+01
6.177148450000211596e+03 -5.877384762922282846e+01
6.178119729999918491e+03 -5.298578907090809764e+01
6.194999600000213832e+03 -2.472940595936560015e+01
6.195089569999836385e+03 -2.406422612548640316e+01
6.195238830000162125e+03 -3.351222284097682547e+01
6.196071030000224710e+03 8.031898008923981092e-01
6.197193245499860495e+03 3.463131678623626897e+01
6.198210557399783283e+03 4.419511373478832184e+01
6.199290328599978238e+03 5.955415983988150685e+01
6.228018197000026703e+03 8.145426179203464301e+01
6.228159123300109059e+03 6.163441115458806507e+01
6.259079558100085706e+03 6.349115251763466006e+01
6.263071663300041109e+03 -5.291545024498665839e+01
6.284930170999839902e+03 5.136066386031864539e+01
6.471293880000244826e+03 -6.051287834708003288e+01
6.489274038999807090e+03 3.642423200646174308e+01
6.493291590000037104e+03 6.639844094771274285e+01
6.494284279999788851e+03 3.436108864807695085e+01
6.495228560000192374e+03 1.864607998668599720e+01
6.505251674099825323e+03 4.161878511263931557e+01
6.506178007999900728e+03 5.468624837228941260e+01
6.506392246100120246e+03 6.536155090927093170e+01
6.507371987299993634e+03 5.500505484784504517e+01
6.520221789999864995e+03 8.044719761318235385e+01
6.521287279999814928e+03 9.055748033398273833e+01
6.523249189999885857e+03 7.414605207389310237e+01
6.524119589999783784e+03 6.350553875418326299e+01
6.524271290000062436e+03 4.892848085320868279e+01
6.525117300000041723e+03 1.758913664936423515e+01
6.525202240000013262e+03 1.026518803244278999e+01
6.530178579399827868e+03 -4.729275960372667953e+01
6.551170770599972457e+03 5.878351931849051937e+01
6.552217253800015897e+03 4.823904435864542961e+01
6.553151026700157672e+03 1.420023608540060422e+01
6.555111180000007153e+03 -2.084713233584962921e+01
6.556087379999924451e+03 -5.885130822779209581e+01
6.557028959999792278e+03 -6.014388012064333111e+01
6.560109975399915129e+03 -3.591777911533706913e+01
6.560319047600030899e+03 -3.048646024753452011e+01
6.587048200000077486e+03 -8.793170062720533053e+01
6.587976460000034422e+03 -6.107246125501683309e+01
6.588948030000086874e+03 -4.645508421210585936e+01
6.590076570000033826e+03 -2.978454277563450603e+01
6.591114120000042021e+03 9.740034440340107125e+00
6.618000460000243038e+03 -6.042081183646570253e+01
6.638044716299977154e+03 5.304576774561498098e+01
6.638048599999863654e+03 7.659415884034821431e+01
6.641011260000057518e+03 3.472079116353820893e+01
6.642027379999868572e+03 1.483856901026166852e+01
6.668053248399868608e+03 5.205211997215596398e+01
6.669086202899925411e+03 4.105771337996009152e+01
6.670061839300207794e+03 2.874775324267363530e+01
6.671053726000245661e+03 -8.230397406859331966e+00
6.672057502000126988e+03 -2.994794112768205707e+01
6.673060958799906075e+03 -6.233211629962690381e+01
6.677006792699918151e+03 -6.972619282781826655e+01
6.819408220000099391e+03 -3.682449029644570260e+01
6.847333509999793023e+03 2.077446879351970566e+01
6.848322709999978542e+03 -2.562687307826249139e+01
6.849300100000109524e+03 -5.522779057534759772e+01
6.849315961599815637e+03 -5.958665498051510667e+01
6.850274616899900138e+03 -6.759328054114726569e+01
6.850316140000242740e+03 -6.185987773605469897e+01
6.851350130000151694e+03 -7.523707937224081377e+01
6.871172280000057071e+03 6.538349916361983105e+01
6.871249210000038147e+03 6.819115684195347171e+01
6.875272963399998844e+03 4.249535371812159212e+01
6.876233789999969304e+03 2.155546360231140923e+01
6.877247070000041276e+03 -2.215508684424134955e+01
6.879249559999909252e+03 -2.783069586693130404e+01
6.880230219999793917e+03 -6.374470689343229424e+01
6.882333149999845773e+03 -2.962759363626217990e+01
6.883215259999968112e+03 -8.633901075387111490e+00
6.886241500000003725e+03 6.920616830018619225e+01
6.912351280000060797e+03 -2.588877568626909920e+01
6.914226319999899715e+03 2.101847341033733230e+01
6.939051700000185519e+03 -7.155642490374307840e+01
6.966181090000085533e+03 -4.172242917919559346e+01
6.967173690000083297e+03 -6.615725795303349344e+01
6.969109300000127405e+03 -5.023090051231740460e+01
6.995980920000001788e+03 -6.139696886148743005e+01
7.000016869999933988e+03 -2.473013073255601668e+01
7.019976739999838173e+03 1.008843144888238470e+02
7.022096200000029057e+03 4.049389784947277349e+01
7.146301979999989271e+03 -1.417924397483139742e+01
7.147295369999948889e+03 1.149781156218068645e+01
7.200358754700049758e+03 -3.868469532832730806e+01
7.203268827999942005e+03 -4.304450349052306990e+01
7.205259420000016689e+03 -3.151608695830721985e+01
7.206258919999934733e+03 4.245075755048588917e+00
7.227280236099846661e+03 2.619254827433333688e+01
7.228308218900114298e+03 7.659276688626615481e+00
7.229284049500245601e+03 -3.109514624385601422e+01
7.230361526200082153e+03 -4.269641523727088384e+01
7.231243732000235468e+03 -5.354398837106290898e+01
7.232249763700179756e+03 -6.572221126895655630e+01
7.240215689999982715e+03 7.227208041775618597e+01
7.241225560000166297e+03 4.941563336898455816e+01
7.243249489999841899e+03 -1.151707386303970182e+01
7.244237370000220835e+03 -3.919317284869336504e+01
7.260130311999935657e+03 -4.268463667293200814e+01
7.260312054200097919e+03 -7.667601747109087285e+01
7.266174819999840111e+03 4.153336124653295514e+01
7.267290380000136793e+03 7.932823938897817584e+01
7.268221679999958724e+03 8.215402843472317329e+01
7.268358616000041366e+03 5.956158117290858911e+01
7.269162440000101924e+03 7.712983461948672925e+01
7.270154959999956191e+03 7.072547527782047894e+01
7.271105849999934435e+03 4.963136152893718389e+01
7.285114820000249892e+03 7.083783171112300181e+01
7.286129680000245571e+03 3.792446558851517580e+01
7.286256691399961710e+03 2.964729608095487023e+01
7.287132579999975860e+03 1.443120663860601383e+01
7.351127813899889588e+03 -5.342587578418169869e+01
7.356122230499982834e+03 6.435620478342792694e+01
7.376116960899904370e+03 -3.094574524361373591e+01
7.377144590000156313e+03 -4.938457420371817364e+01
7.405018509999848902e+03 -2.153524736883273150e+01
7.406034009300172329e+03 -5.439081425572629769e+01
7.530409774600062519e+03 4.587893419827636876e+01
7.555422444100026041e+03 -4.999659018133455390e+01
7.585394608200062066e+03 -3.375213838461262128e+01
7.588292973900213838e+03 4.420008630395470561e+01
7.588294759999960661e+03 6.280300897590117870e+01
7.589267330000177026e+03 8.873369329135114469e+01
7.593285930000245571e+03 6.303807872178026628e+01
7.593382828100118786e+03 4.783784058067931255e+01
7.594297967200167477e+03 2.665166337157419107e+01
7.609363146000076085e+03 -1.056280893594556147e+01
7.610343732499983162e+03 -3.681310288800764852e+01
7.611390084899961948e+03 -6.181439118528433596e+01
7.613268793699797243e+03 -7.908554768317868877e+01
7.614441196300089359e+03 -6.950471705540573453e+01
7.618230512499809265e+03 3.555705422617448619e+01
7.620239000699948519e+03 6.733835938462830484e+01
7.622249021600000560e+03 5.142116624650078904e+01
7.622259324700105935e+03 4.653609137703338661e+01
7.650060889999847859e+03 8.090100916228163896e+01
7.650345458799973130e+03 6.291130414036520335e+01
7.653077948799822479e+03 -9.912422328616035117e+00
7.677081573199946433e+03 6.162961026075272741e+01
7.678172800200060010e+03 8.487838463826261659e+01
7.682149998700246215e+03 1.996659056720622516e+01
7.683183602900244296e+03 -1.437963860798897286e+01
7.706131197900045663e+03 3.133334893198400906e+01
7.707182933500036597e+03 4.783379703551317164e+01
7.708947692499961704e+03 7.554629612787242365e+01
7.711003934599924833e+03 8.220286553327412093e+00
7.711066583999898285e+03 4.072894061279182409e+00
7.711123459999915212e+03 3.249097181320102834e+00
7.711169530699960887e+03 1.662321042258732007e+00
7.711207146500237286e+03 1.658559303847439992e-01
7.733011151100043207e+03 -2.712358328290760312e+01
7.733942410000134259e+03 1.738486637369961230e+01
7.734096122500021011e+03 8.418148678996569600e+00
7.735014547599945217e+03 3.818766348822725831e+01
7.735956712999846786e+03 5.921492845980952779e+01
7.736076081399805844e+03 4.246120161925884418e+01
7.737900268999859691e+03 8.658931587596850932e+01
7.742014893400017172e+03 -5.248059778523531804e+01
7.743004352299962193e+03 -6.400849482393456924e+01
7.761065944499801844e+03 -6.277897317953934930e+01
7.764014338999986649e+03 2.451290718838864180e+01
7.764123731200117618e+03 2.536742838951596113e+01
7.765005877300165594e+03 5.311061160582733010e+01
7.766007128600031137e+03 7.233810685199509294e+01
7.772018154900055379e+03 -4.528690974926044532e+01
7.773015936499927193e+03 -6.649396255918567533e+01
7.886419067999813706e+03 1.617635214212444339e+01
7.887418667799793184e+03 1.685900184910735788e-01
7.888420218400191516e+03 -3.708839087306789395e+01
7.889423210300039500e+03 -6.051275722407713431e+01
7.890416769800242037e+03 -6.705867064157463631e+01
7.911427261699922383e+03 3.727611206065061822e+01
7.912425434799864888e+03 6.510322829173598791e+01
7.924249299299903214e+03 -2.529058062761002645e+00
7.943287312400061637e+03 6.805039458415073739e+01
7.946216609000228345e+03 9.557670916947333950e+00
7.948210709699895233e+03 -4.950435920395843681e+01
7.949153359999880195e+03 -5.831951967889816046e+01
7.949224962899927050e+03 -5.750126840227861891e+01
7.949271631900221109e+03 -5.877115446967567181e+01
7.950211842800024897e+03 -5.954741140292225055e+01
7.951238295599818230e+03 -5.230552649560397782e+01
7.964191652299836278e+03 -8.766994035260572105e+01
7.966398858599830419e+03 -6.402288447080432832e+01
7.967254029999952763e+03 -5.319477357642631432e+01
7.968201830000150949e+03 -1.715780442357006308e+01
7.976231769999954849e+03 -3.198662487092359186e+01
7.998155610000248998e+03 2.405780952343650370e+01
7.999131209999788553e+03 4.504996049056155982e+01
8.000035319999791682e+03 7.031121644421155281e+01
8.000134190000128001e+03 7.552244708308529653e+01
8.004098900000099093e+03 2.001175239629520064e+01
8.005062607199884951e+03 -1.551045330009627321e+01
8.005142640000209212e+03 -9.175281709225426852e+00
8.006100961800199002e+03 -3.985135967129191670e+01
8.006137349999975413e+03 -3.708293034246021591e+01
8.006259517100173980e+03 -6.071684682479718731e+01
8.007160670000128448e+03 -7.304022926458506504e+01
8.009137703800108284e+03 -8.205560449767710907e+01
8.024086899999994785e+03 -6.852095091017092443e+01
8.025074039999861270e+03 -4.504879181581415537e+01
8.027231579900253564e+03 3.512783274926047028e+00
8.028237103099934757e+03 3.778272264006946557e+01
8.029223203800152987e+03 4.824578810974766441e+01
8.033227214800193906e+03 3.026137272789998534e+01
8.034067597799934447e+03 1.631057569289032472e+01
8.039160097199957818e+03 -4.686946945695834188e+01
8.054014391600154340e+03 -5.271191793795586022e+01
8.055184190799947828e+03 -4.659218432941641197e+01
8.056082970600109547e+03 -1.185473833629408702e+01
8.058017678999807686e+03 3.146288018254623964e+01
8.060985665599815547e+03 5.005175803515041366e+01
8.062036072200164199e+03 3.649874173575773995e+01
8.062902634500060230e+03 1.121438966839333062e+01
8.062958730000071228e+03 3.647730418263840590e+00
8.062975021800026298e+03 1.984268125718763542e+00
8.063100420800037682e+03 -6.572160145802047992e+00
8.064886996999848634e+03 -4.502957718178275570e+01
8.064985053999815136e+03 -4.533738804531036237e+01
8.065131238000001758e+03 -5.564661534877112103e+01
8.065931036000140011e+03 -6.759591821892446717e+01
8.066014626999851316e+03 -7.021590487787112522e+01
8.066108948000241071e+03 -7.716376149653767413e+01
8.066897073999978602e+03 -8.422420910931623439e+01
8.067001906000077724e+03 -7.368393870182458727e+01
8.067106174999848008e+03 -7.233167516266234998e+01
8.067875849000178277e+03 -6.393234960242490672e+01
8.067977864999789745e+03 -5.873111373659775580e+01
8.068888540999963880e+03 -5.187108332775849817e+01
8.068950104999821633e+03 -4.793033776809420488e+01
8.069061964999884367e+03 -5.176798314787386346e+01
8.069909680000040680e+03 -2.048871902752534879e+01
8.070013429000042379e+03 -1.606646303898239836e+01
8.086877983999904245e+03 4.288713734285398971e+01
8.088924569999799132e+03 6.872177287845624960e+01
8.089867000999860466e+03 7.570211232421648617e+01
8.090862610999960452e+03 5.265508827529725977e+01
8.091024753000121564e+03 5.752703831829936121e+01
8.091880067999940366e+03 1.944732349600945298e+01
8.091955176999792457e+03 1.966822656374725753e+01
8.092041734999977052e+03 2.085926726392162678e+01
8.092867500000167638e+03 -1.320805713514193513e+00
8.092989219599869102e+03 -1.416635812626152457e+01
8.093049995000008494e+03 -7.186121410952993616e-01
8.093990266699809581e+03 -5.599224741974597919e+01
8.094993167100008577e+03 -7.479065778790337049e+01
8.118999578400049359e+03 5.729823911351874699e+01
8.119874896999914199e+03 6.115171912556509426e+01
8.119956987999845296e+03 5.988269950202478498e+01
8.119998538100160658e+03 4.582206022733070938e+01
8.120872043000068516e+03 5.036462653635712172e+01
8.120998391699977219e+03 3.074194968093954472e+01
8.121912611000239849e+03 1.395605003055310789e+01
8.121997990199830383e+03 -7.785656206983983196e+00
8.122875090000219643e+03 -2.186146096972752773e+01
8.123885183000005782e+03 -3.591940581680494660e+01
8.123934047999791801e+03 -3.597982268453856847e+01
8.124892599999904633e+03 -6.250838481258446677e+01
8.124956633000168949e+03 -6.885762081239646193e+01
8.125000687399879098e+03 -7.942864067210595636e+01
8.125894133999943733e+03 -5.984643615365899194e+01
8.125951642000116408e+03 -5.803475012672146249e+01
8.143883448999840766e+03 -7.922132130497669067e+00
8.144012935400009155e+03 -2.533773689086473624e+01
8.144882990200072527e+03 9.331860580700524821e+00
8.145005598300136626e+03 4.910703823280567093e+00
8.145880187999922782e+03 4.703162417412204377e+01
8.148886063999962062e+03 5.951737787861073059e+01
8.149887093000113964e+03 3.289928254885872860e+01
8.150017005700152367e+03 1.053997196902157540e+01
8.263389576899819076e+03 3.974257797379222268e+01
8.264420879300218076e+03 5.786390442058267070e+01
8.265392431899905205e+03 5.832855126488202302e+01
8.273408836199901998e+03 -8.483455762179079329e+01
8.292353825599886477e+03 2.604960337539502646e+01
8.293282384000252932e+03 6.285114753730988468e+01
8.295282340399920940e+03 5.617343873828569656e+01
8.298260845100041479e+03 -1.407946540368909183e+01
8.299373048800043762e+03 -5.515560518573720117e+01
8.300330238100141287e+03 -8.012736000907771938e+01
8.301342483200132847e+03 -7.647307473518161203e+01
8.323266011099796742e+03 4.248142187916808155e+01
8.324257835499942303e+03 4.672089127524469632e+01
8.325379546499811113e+03 1.746352941726826202e+01
8.326190065199974924e+03 -2.530489617972985883e+00
8.350366613899823278e+03 2.753295797944602796e+01
8.353320686200167984e+03 5.151838160739265504e+01
8.375953783799894154e+03 -4.628459434952726070e+01
8.375997307899873704e+03 -4.758019864734695403e+01
8.376031711400020868e+03 -4.888886356643549647e+01
8.376665299999993294e+03 -6.539434279240833803e+01
8.381822738599963486e+03 6.281351443301891635e+01
8.381848400000017136e+03 6.177445600270103654e+01
8.381913959899917245e+03 5.610472869027072562e+01
8.381950866600032896e+03 5.573809999384548775e+01
8.382176907899789512e+03 5.146031030638953041e+01
8.382177740000188351e+03 6.537770686943167675e+01
8.382732228000182658e+03 5.672038614586420380e+01
8.384760854199994355e+03 2.328869488556517808e+01
8.384790604500100017e+03 2.275170215723568390e+01
8.384862753800116479e+03 1.453749565949118150e+01
8.384891700000036508e+03 1.071503223680148764e+01
8.385946438000071794e+03 -1.038200698845194836e+01
8.386073268000036478e+03 -2.651311050004217407e+00
8.386198255000170320e+03 -5.619639522615855753e+00
8.386950263000093400e+03 -3.098857756842462763e+01
8.387956050000153482e+03 -6.386510686184102781e+01
8.388116981999948621e+03 -5.447295006492747405e+01
8.388974882000125945e+03 -5.640244601032955529e+01
8.389084817999973893e+03 -6.279097101862988950e+01
8.389977303999941796e+03 -7.312798995098145838e+01
8.390069660999812186e+03 -5.752774942909273648e+01
8.390182885999791324e+03 -7.027622843603968761e+01
8.392918997600208968e+03 2.209441289712432166e+01
8.392961195299867541e+03 2.215163156481797202e+01
8.392988446999806911e+03 2.117511883068492651e+01
8.396540662100072950e+03 6.777007648069505308e+01
8.396571500000078231e+03 6.692204378973953283e+01
8.396642816700041294e+03 6.318967892881338599e+01
8.396682374999858439e+03 6.042354431126465641e+01
8.398761650000233203e+03 3.920171986273866338e+01
8.398788800000213087e+03 3.550208821426316064e+01
8.398856449999846518e+03 2.723633609120432553e+01
8.401710299999918789e+03 -5.062487646362276905e+01
8.401805600000079721e+03 -5.747357896809451461e+01
8.404661657900083810e+03 -8.734260609275166587e+01
8.404745266700163484e+03 -9.195014378389134890e+01
8.404780266699846834e+03 -9.264966556102022821e+01
8.406887756300158799e+03 -1.226522974625118678e+01
8.406929679300170392e+03 -1.326104545532859902e+01
8.406953734999988228e+03 -1.447986591023965985e+01
8.408967685999814421e+03 2.627443081506145361e+01
8.409066931399982423e+03 2.715316381718738370e+01
8.409909296100027859e+03 4.378695918020690669e+01
8.410097236699890345e+03 4.033114338607943239e+01
8.410568899999838322e+03 4.276303512582418165e+01
8.410640083100181073e+03 4.057697461946268191e+01
8.410671038500033319e+03 3.904708059847004620e+01
8.410927294100169092e+03 5.158358385821694725e+01
8.411034742199815810e+03 5.846528304528695230e+01
8.411943795300088823e+03 5.587362533132034059e+01
8.412080470699816942e+03 4.723203925292659022e+01
8.412935434900224209e+03 2.884707117947156974e+01
8.413120159000158310e+03 3.446075057906788430e+01
8.418259769100230187e+03 -9.833639818616248363e+01
8.418627600000239909e+03 -9.142552824273177237e+01
8.423831018100026995e+03 5.758832747439367949e+01
8.423872470300178975e+03 5.668567737964492892e+01
8.423902527700178325e+03 5.589861789387737190e+01
8.432638413200154901e+03 -7.810571362414464147e+01
8.432664199999999255e+03 -7.952869873794949740e+01
8.432735919999890029e+03 -8.676768382667417256e+01
8.435589016700163484e+03 -4.518723170055340432e+01
8.435616100000217557e+03 -4.528684697351898336e+01
8.435681249999906868e+03 -5.003592144013797594e+01
8.435709199999924749e+03 -5.308552435257778512e+01
8.435999191000126302e+03 -3.570253726825110618e+01
8.436983425999991596e+03 1.050460612221659318e+00
8.437950826699845493e+03 1.773313695320744543e+01
8.438937990800011903e+03 5.246045308588345790e+01
8.440031742999795824e+03 6.503393081532554731e+01
8.440959191000089049e+03 5.994719186304399727e+01
8.441153293100185692e+03 4.725968382955784364e+01
8.442069079599808902e+03 5.656619331253089911e+01
8.442938082000240684e+03 4.419654237762810567e+01
8.443970575000159442e+03 -1.529635483043747968e+00
8.445894274999853224e+03 -4.918196390808062546e+01
8.447005694999825209e+03 -8.688494348196374517e+01
8.469879414000082761e+03 5.450035116483789466e+01
8.469974946999922395e+03 5.545177459385665486e+01
8.470866760999895632e+03 5.992507204373945484e+01
8.470990217000246048e+03 5.500591420220068528e+01
8.471939371000044048e+03 2.937108815114785898e+01
8.472931388999801129e+03 1.190592319664976628e+01
8.473871869999915361e+03 -1.207099257370430578e+01
8.474913292999844998e+03 -5.212437400980243751e+01
8.474965528999920934e+03 -5.370458998020573205e+01
8.475867628999985754e+03 -5.741004052132233682e+01
8.495014958300162107e+03 -5.121710184605404947e+01
8.498011385200079530e+03 2.620144532158715478e+01
8.501047242400236428e+03 1.581619300374275028e+01
8.614422093300148845e+03 3.651204307120030990e+01
8.616425681199878454e+03 4.925049339764090917e+01
8.624417741700075567e+03 -9.698330348806665313e+01
8.629390774699859321e+03 2.166681529203824041e+01
8.630402415699791163e+03 3.502268560248194262e+01
8.740149357399903238e+03 -9.177986713014071540e+01
8.749102192900143564e+03 4.928184887790780522e+01
8.765023950499948114e+03 7.710771819147748118e-01
8.773643828699830920e+03 -3.651327914670041253e+01
8.776609119399916381e+03 3.827645615849218075e+01
8.776636799999978393e+03 3.786589644092877904e+01
8.776704514299985021e+03 3.337108519217697022e+01
8.776737566700205207e+03 3.260173956596147349e+01
9.007427107899915427e+03 -5.866950965897423487e+01
9.009427129500079900e+03 5.757492765080097996e+00
9.010377479699905962e+03 2.577357088929922568e+01
9.032930182700045407e+03 -2.180241266446415693e+01
9.032972920599859208e+03 -2.459548802384830424e+01
9.033012452799826860e+03 -2.688809544148928410e+01
9.036349681099876761e+03 -6.867332047224650182e+01
9.046879203400108963e+03 2.000801021463139762e+00
9.046921105999965221e+03 2.542948453403681697e-01
9.046964186000172049e+03 -2.545019581223314731e+00
9.047006908500101417e+03 -4.852386611398344485e+00
9.047040280499961227e+03 -7.807024740073131852e+00
9.059218873899895698e+03 8.051466586723645236e+00
9.080783808200154454e+03 2.222121422403727564e+01
9.080828817700035870e+03 2.086156225698683642e+01
9.080874665600247681e+03 1.951137085822507800e+01
9.080903170700185001e+03 2.040686830943425889e+01
9.096137007799930871e+03 -1.290695775185242411e+01
9.105872754100244492e+03 9.903375243614398471e+00
9.105914636599831283e+03 5.963096324994793918e+00
9.105959598400164396e+03 1.522311492429736290e+00
9.130124946900177747e+03 4.934711807715275711e+01
9.131113199799787253e+03 2.106747486761597443e+01
9.136788388799875975e+03 -3.639225969829496421e+00
9.136833204499911517e+03 -5.144695769413871744e+00
9.136877095600124449e+03 -6.634020400958988262e+00
9.167711980000138283e+03 2.107144749878450796e+00
9.167755825600121170e+03 1.019992494840934683e+00
9.167793335199821740e+03 -5.381621824424485112e-01
9.248005379999987781e+03 3.485230878369944207e+01
9.249006948499940336e+03 2.477880564203189806e-01
9.250006517800036818e+03 -1.724707739879852753e+01
9.251014220200013369e+03 -5.813650213014487633e+01
