0.000000000000000000e+00 -5.786157156673080237e+01
2.683136999998241663e+02 -2.447925463921664146e+01
4.389582199999131262e+02 -3.025256295217731406e+01
7.969391999999061227e+02 -2.117309911622365703e+01
1.067271100000012666e+03 -9.010326114083859750e+00
1.092030499999877065e+03 3.031301429339734455e+00
1.327306100000161678e+03 1.159650856665216168e+01
1.413233599999919534e+03 -3.977864790432683151e+00
1.414160500000230968e+03 -2.749085626848916775e+00
1.535998600000049919e+03 8.478071073877160302e+00
1.727291250000242144e+03 -5.309514852235750482e+00
1.771114899999927729e+03 7.549816159890990974e+00
1.772197000000160187e+03 -8.370015933898002913e-01
1.890917799999937415e+03 1.470652175049673360e+01
2.097333200000226498e+03 8.617277038792209964e+00
2.189044410000089556e+03 1.192338363397119849e+00
2.190102030000183731e+03 -1.067533898463324249e-01
2.215067850000225008e+03 -1.327710788938853881e+01
2.478258280000183731e+03 -6.715184106995238267e+00
2.509151839999947697e+03 -2.766432935332179710e+00
2.510188940000254661e+03 -1.725237430044046505e+01
2.510275859999936074e+03 -1.344950581998624628e+01
2.511046370000112802e+03 -2.107889314332458852e+01
2.511256330000236630e+03 -1.553016818986705516e+01
2.512015120000112802e+03 -8.101609513999314061e+00
2.512162580000236630e+03 -6.291323021271530536e+00
2.513118629999924451e+03 -1.790300821203555870e+01
2.513239730000030249e+03 -2.191006954589390432e+01
2.542142430000007153e+03 -9.522435184388342577e+00
2.543158660000190139e+03 -2.591751812869972582e+00
2.546127650000154972e+03 3.745635808004788458e+00
2.547047830000054091e+03 -1.657125321405717777e+00
2.548107520000077784e+03 1.545727255880098738e+00
2.549121040000114590e+03 1.292704433297735989e+00
2.550137320000212640e+03 -2.576522909097818115e+00
2.565980340000241995e+03 -5.021266099838868513e+00
2.566123569999821484e+03 -1.197544644541512326e+01
2.566895000000018626e+03 -1.288762274439370259e+01
2.567034649999812245e+03 -1.316753615656723753e+01
2.570157420000061393e+03 -6.981277875672049049e+00
2.572018850000109524e+03 -6.643176204600955259e+00
2.573932810000143945e+03 -1.189534688725907330e+01
2.590019020000007004e+03 -2.793979637032617092e+00
2.593009589999914169e+03 -1.046094632706837757e+01
2.593956859999801964e+03 -3.651417404482373286e+00
2.594994849999900907e+03 -9.878252874532726935e+00
2.601004220000002533e+03 -7.723149199592967307e+00
2.601958480000030249e+03 -2.485447487303630965e+00
2.602903789999894798e+03 -8.489678244971813115e+00
2.608009539999999106e+03 1.000731416090184922e+01
2.608956360000185668e+03 -3.649447578079005439e+00
2.620953189999796450e+03 3.228297393283089178e+00
2.621971040000207722e+03 3.862690863806662378e+00
2.622956629999913275e+03 -1.875923096145271529e+00
2.623958680000156164e+03 9.519721150248088293e+00
2.624957719999831170e+03 7.856428568144238511e+00
2.635956679999828339e+03 1.040296054245891710e+01
2.636943570000119507e+03 -3.131634764629247059e+00
2.654960280000232160e+03 3.912185677494207425e+00
2.843275859999936074e+03 -2.046527481258633685e+01
2.859198520000092685e+03 -3.087911539578264808e+00
2.863224100000225008e+03 -4.605929447438775526e+00
2.924051359999924898e+03 -1.192408785613593381e+01
2.925033030000049621e+03 -1.952467585434345665e+01
2.926043659999966621e+03 -1.024702818598228760e+01
2.958041619999799877e+03 -2.540271343190824282e+01
2.959034500000067055e+03 -1.411641776493660672e+01
2.971996609999798238e+03 -1.026150277012319734e+01
2.984989829999860376e+03 -8.071887754664409442e+00
3.035963330000173301e+03 -1.222378560420686000e+01
3.215172340000048280e+03 -7.092715836487123227e+00
3.216231910000089556e+03 3.673290125865150912e+00
3.253201640000101179e+03 -5.679986657928644433e+00
3.574303199999965727e+03 8.739740399856010811e+00
3.576288559999782592e+03 -2.550877224460272430e+00
3.628147929999977350e+03 3.929089214121830764e+00
3.634195489999838173e+03 -2.169981682473931528e+00
3.635152929999865592e+03 9.706475928434898037e+00
3.664010230000130832e+03 7.832394005929373293e+00
3.719991570000071079e+03 1.541733151756455200e+01
3.726978010000195354e+03 9.177134182404335760e+00
3.747899453000165522e+03 3.951671480007456694e+01
3.890322730000130832e+03 1.525222260651116102e+01
3.925159808999858797e+03 1.003179027973068926e+01
3.951246108000166714e+03 1.876802110532449319e+01
3.954120231000240892e+03 2.464455574534677140e+01
3.954266090000048280e+03 2.149395873279720703e+01
3.956276839999947697e+03 1.271072506524195944e+01
3.958219219999853522e+03 9.367707042589458410e+00
3.961277809999883175e+03 6.097404968766775291e+00
3.977114725999999791e+03 3.873972687644162249e+01
4.003118830000050366e+03 9.755550950771677776e+00
4.029097790000028908e+03 5.044419871925391874e+00
4.048004379999823868e+03 -4.766325298164090896e+00
4.048975947999861091e+03 2.290246779323444670e+00
4.051075660000089556e+03 -7.742144696254229075e+00
4.076988872000016272e+03 4.008890620561409435e+00
4.109912998000159860e+03 3.636215347691518218e-01
4.261318830000236630e+03 1.979665833224661498e+00
4.263305819999892265e+03 1.605241136914798972e-01
4.281326640000101179e+03 8.029359427266783200e+00
4.282307109999936074e+03 -2.676116089357023498e-01
4.283156046200077981e+03 3.169809163508743310e+00
4.295275859999936074e+03 3.952698028103398542e+00
4.301289460000116378e+03 5.751906959881324610e+00
4.316274929999839514e+03 -5.571026028249576711e+00
4.328233119999989867e+03 4.582695163892466894e+00
4.332166180000174791e+03 2.405847522148874873e+00
4.335234560000244528e+03 6.972126249882748539e-01
4.336196599999908358e+03 -4.988150966760649396e+00
4.339137085999827832e+03 -7.058046082911047847e+00
4.349178890000097454e+03 4.762468815085568963e+00
4.391058029999956489e+03 1.469791445601322977e+01
4.393079770000185817e+03 1.197795515842246417e+01
4.401019330000039190e+03 3.621120784421332672e+00
4.409021128000225872e+03 -6.621889700532001655e+00
4.421984840000048280e+03 3.240932103023020261e+00
4.426003465000074357e+03 -2.705671777641143194e-01
4.454980440000072122e+03 1.005148003553505021e+01
4.460954729999881238e+03 1.196618392611899395e+01
4.461960090000182390e+03 1.168388228229865433e+01
4.462969399999827147e+03 5.043209081417643347e+00
4.638314919999800622e+03 -1.617295871542154373e+00
4.640408040000125766e+03 -1.663111261601279267e+01
4.642279273999854922e+03 3.339046507609264580e+00
4.657284729999955744e+03 -1.083430641081444179e+01
4.664320679999887943e+03 9.126083569103398574e+00
4.670261237999890000e+03 -4.594731823372306678e+00
4.678304390000179410e+03 6.184727121559710383e+00
4.684257730000186712e+03 7.564357400013442145e+00
4.689233620000071824e+03 -8.434524604407805271e+00
4.700205589999910444e+03 1.921616696321798656e+00
4.703250469999853522e+03 -3.936701313707430927e+00
4.707257830000016838e+03 1.050390691280768607e+01
4.709225939999800175e+03 5.987708440487665484e+00
4.720164460000116378e+03 -1.834063411123693754e+00
4.720209449999965727e+03 -5.025505039938643392e+00
4.721044170000124723e+03 -6.767158499795939974e+00
4.725076853999868035e+03 9.556275273061814346e+00
4.728076669999863952e+03 -9.048225261647019124e+00
4.729119909999892116e+03 -6.042228908037614588e-01
4.737074109999928623e+03 6.815816149664229329e+00
4.738126259999815375e+03 1.156062667572734526e+01
4.755086380000226200e+03 -5.413883012824754815e+00
4.755267669999971986e+03 -7.595747364874355867e+00
4.756000469999853522e+03 -8.598882884797305337e+00
4.756163000000175089e+03 -6.964362633023320370e+00
4.757059359999839216e+03 -9.029066177940450189e+00
4.760102030000183731e+03 1.763766200470769618e+01
4.767055350000038743e+03 3.189741361490131766e+00
4.770046029999852180e+03 -9.065120241006326296e+00
4.775046502000186592e+03 -7.065093698957895185e+00
4.781084449999965727e+03 -1.143266675177055092e+01
4.781961409999988973e+03 4.945752482134437855e-01
4.797004389999900013e+03 1.072354258205631794e+00
4.801968210000079125e+03 -1.335419514409468533e+01
4.806938372000120580e+03 -9.327274340610195225e+00
4.809959850000217557e+03 -8.940424331407744063e+00
4.829984120000153780e+03 -5.773575412478756164e+00
4.830982100000139326e+03 -1.379377137100271966e+01
4.831974280000198632e+03 -1.165386074362872293e+01
4.840985059999860823e+03 4.906107273522408718e-02
4.841982590000145137e+03 -1.987472130595392628e+00
4.842981689999811351e+03 -1.687890642411951347e+01
4.843991059999912977e+03 -6.474756223653905352e+00
4.848001420000102371e+03 -3.305021021940903125e+01
4.848967029999941587e+03 -1.960823254240051128e+01
4.849973360000178218e+03 -1.807223052571619348e+01
4.850978269999846816e+03 -2.229225494445577738e+01
4.974299730000086129e+03 2.705452378276021363e+00
4.975297699999995530e+03 2.319477603099016960e+00
4.976262060000095516e+03 -9.001027155302516292e+00
4.986289989999961108e+03 1.006564182774700633e+01
4.988319809999782592e+03 1.139873687535678926e+01
4.994382569999899715e+03 -2.079048158984061700e+00
4.995398980000056326e+03 -9.720100661739955683e+00
4.996314919999800622e+03 -3.414510771573475267e+00
4.997313149999827147e+03 3.327744858222708046e+00
4.998254740000236779e+03 -7.115126061682772729e-01
5.006287469999864697e+03 -2.924197974986313397e-01
5.016281179999932647e+03 -4.381888990415521157e+00
5.020261090000160038e+03 1.583049350649737619e+00
5.022237149999942631e+03 5.498612088182429858e+00
5.022301469999831170e+03 -2.015674224187488761e+00
5.023328540000133216e+03 -5.334497445658822556e+00
5.024383630000054836e+03 -1.144511810889518699e+00
5.028255840000230819e+03 3.389021552284532390e+00
5.030233729999978095e+03 1.724825591086529997e+00
5.053204930000007153e+03 9.313338427222976890e+00
5.074242560000158846e+03 -1.004943241545650956e+01
5.075309489999897778e+03 -1.771429208778620534e+00
5.078219060000032187e+03 -3.870977378569378402e+00
5.083003254999872297e+03 -1.872031858117473391e+01
5.102240160000044852e+03 -1.638734016174616670e+01
5.104220910000149161e+03 -1.279044353953127811e+01
5.127025160000193864e+03 -2.093262930051508874e+00
5.133036859999876469e+03 -8.606363999353767724e+00
5.134095569999888539e+03 -4.558124883567309382e+00
5.144019559999927878e+03 -3.493546394554869039e+00
5.145026829999871552e+03 -7.145853482388218936e+00
5.158969630000181496e+03 -4.648934720408291810e+00
5.164004490000195801e+03 -8.593623319076840517e+00
5.199075600000098348e+03 4.044053386709620668e-01
5.225900183999910951e+03 -6.021987602314581522e+00
5.226015039999969304e+03 -3.376998281258153156e+00
5.349256140499841422e+03 -4.987455195653588191e+00
5.351246724400203675e+03 -1.044106144457648355e+01
5.353255559099838138e+03 -1.270657333597995731e+01
5.354237446300219744e+03 -1.092438061886392831e+01
5.356214019299950451e+03 -1.004053313954432269e+01
5.370182510099839419e+03 -6.987061427962622417e+00
5.371191980800125748e+03 -6.422934939563234025e+00
5.375192720899824053e+03 -1.280134554973582084e+00
5.376177247699815780e+03 -1.050973044341911589e+01
5.380164573600050062e+03 -4.994616373315992064e+00
5.381181778099853545e+03 -1.695223136964635913e+01
5.385143439299892634e+03 -7.300415007858205740e+00
5.387130759700201452e+03 -1.406548976818497465e+01
5.403103455199860036e+03 -3.837857322810133809e+00
5.405091061499901116e+03 -7.089077636165907137e+00
5.406095983400009573e+03 -3.381283288627720651e+00
5.408296305399853736e+03 4.204446763833360023e+00
5.409295268999878317e+03 -9.527670733508898593e+00
5.409308290000073612e+03 -6.756398262931156751e+00
5.410088569200132042e+03 -6.987851386124738440e+00
5.412259260000195354e+03 -2.020954271001918556e+01
5.412297217600047588e+03 -1.269229513195771020e+01
5.413289729999843985e+03 2.459723550000909142e+00
5.415066031999886036e+03 -9.112923869325037174e+00
5.416060355700086802e+03 -1.570130036177261701e+01
5.416292909400071949e+03 -2.501265378132238482e+00
5.417071390599943697e+03 -5.728443815554122409e+00
5.419289631499908864e+03 -9.377820639515377366e-02
5.420057311399839818e+03 3.454150006190538136e+00
5.420284130699932575e+03 -6.031211043948559336e+00
5.421040682299993932e+03 -6.574918277507954656e+00
5.421267597700003535e+03 -1.333655448568464408e+00
5.422046988199930638e+03 -2.234932496276698544e+00
5.425060025800019503e+03 3.403938377382118574e-01
5.425271435600239784e+03 -1.271206534494847773e+00
5.428038128099869937e+03 2.002038547118019096e-01
5.430243050000164658e+03 -1.371760395961304368e+01
5.431092910000123084e+03 -1.415326081558580285e+01
5.436186989999841899e+03 7.299771410758125967e+00
5.437185221999883652e+03 2.554202144377967443e+00
5.439131330000236630e+03 3.896978557058602632e+00
5.440151839999947697e+03 -3.579252289194364778e+00
5.442176250000018626e+03 -3.126854679040761198e+00
5.443158850000239909e+03 -7.822989910786546375e+00
5.446201755700167269e+03 -1.527479972206899816e+01
5.453182215100154281e+03 1.405853489245467358e+01
5.454951737899798900e+03 1.838581436519202583e+00
5.456119609999936074e+03 1.163536901591458417e+01
5.456197851300239563e+03 1.242851968990254363e+01
5.459121193999890238e+03 1.028502114842331139e+01
5.461181573600042611e+03 1.097770042556940950e+01
5.463941852000076324e+03 2.263671148767471664e+00
5.464154324400238693e+03 1.001274530720119316e+01
5.467051870000082999e+03 4.175689157033644960e+00
5.471922804399859160e+03 1.284334034804260227e+00
5.472912922599818558e+03 8.568890349708368603e+00
5.474125159400049597e+03 -1.107080720645072347e+00
5.474902876699808985e+03 -3.163819153006997453e+00
5.478106353600043803e+03 5.819814517794839048e+00
5.478892295899800956e+03 1.458322295763145604e+01
5.484865468000061810e+03 1.797695983092996386e+01
5.485108458200003952e+03 7.901298057102543737e-01
5.487092372999992222e+03 2.527322741190545230e+01
5.488049436999950558e+03 5.892031384416199558e+00
5.488093559000175446e+03 9.680551529053587956e+00
5.490074370000045747e+03 1.283169211469198956e+01
5.491016090000048280e+03 -7.207657724027285440e-01
5.498311739999800920e+03 3.020885562348638587e-01
5.501008590000215918e+03 1.421575638905834893e+01
5.503007309999782592e+03 -8.626945435733475165e-01
5.504054577500093728e+03 1.697816776195710986e+01
5.506052391400095075e+03 8.174290256607518401e+00
5.511024349700193852e+03 3.478382150121404948e+00
5.517019165799953043e+03 8.515347683039912852e+00
5.520032464100047946e+03 1.093260074642455493e+01
5.521973370000254363e+03 2.420606146047781237e+00
5.522943899999838322e+03 -3.117811735670123596e+00
5.522995635100174695e+03 7.207672565445619739e+00
5.523990506900008768e+03 7.703336084441396281e+00
5.523993340000044554e+03 -3.112479357701303684e+00
5.524986490500159562e+03 -5.887790964505583702e-01
5.529977479999884963e+03 -9.242746098874263794e-01
5.531969879399985075e+03 1.122401607877345953e+01
5.532959809400141239e+03 8.176358017595077854e-01
5.533958656600210816e+03 1.209155651490185335e+00
5.537939622200094163e+03 1.684897479887603566e+01
5.538965811899863183e+03 5.118786702418134382e+00
5.540956540000159293e+03 1.005528139733816317e+01
5.703304179999977350e+03 -2.408266317094782138e+01
5.704296879999805242e+03 -4.273156852561447394e+00
5.759200660000089556e+03 3.041552470787721063e+00
5.760248819999862462e+03 5.949922917278215095e+00
5.760314421100076288e+03 1.286370176533228005e+01
5.784203590000048280e+03 2.860605673830416862e+00
5.785173179999925196e+03 7.389484803333864704e+00
5.791186760100070387e+03 6.737370935644580783e+00
5.805152280000038445e+03 6.797934448866023160e+00
5.806152439999859780e+03 1.022088641148702948e+01
5.807137240000069141e+03 -3.771176020102243953e+00
5.808114680000115186e+03 1.015427594649720433e+01
5.809141259999945760e+03 1.047397208884263620e+01
5.810107960000168532e+03 -2.489259942413184490e+00
5.811088239999953657e+03 5.403475809399829188e+00
5.812183790000155568e+03 -1.012987782778042600e+01
5.813228250000160187e+03 1.485946875438759918e+00
5.814052250000182539e+03 6.335453382062907757e+00
5.824151269999798387e+03 4.776905406381352748e+00
5.825164559999946505e+03 1.129298683791742519e+01
5.826137719999998808e+03 2.101378057500134844e+00
5.827147940000053495e+03 -6.427442296942139421e+00
5.847113142699934542e+03 3.961575306194077939e+00
5.858006419999990612e+03 6.215099130878310341e+00
5.859059820000082254e+03 5.925407586742842625e+00
5.860007029999978840e+03 -4.485238887088698334e-01
5.861016369999852031e+03 6.961421612192935982e+00
5.862013100000098348e+03 1.023208749886858016e+01
5.863090950000099838e+03 -2.464551308265271246e+00
5.881966370000038296e+03 3.500729262164782085e+00
5.896948600000236183e+03 3.798831121145461509e+00
5.897950590000022203e+03 8.107031975559777948e+00
5.898952190000098199e+03 6.168991780432385497e+00
5.899955790000036359e+03 -6.405210991301579782e+00
5.900946370000019670e+03 3.797949842341608928e+00
5.902090431500226259e+03 -1.284988739885687536e+01
5.937966550000011921e+03 -1.080498241371096668e+01
5.968034373200032860e+03 8.187879518549602054e+00
5.969011275600176305e+03 -1.313023927822008829e+00
6.090333310000132769e+03 -3.549875423803882768e+00
6.114225325000006706e+03 -4.616112929736534198e+00
6.114251603200100362e+03 -7.495925843465002458e+00
6.114348856000229716e+03 -2.855867941047129932e+00
6.115351672200020403e+03 5.008985876201460741e+00
6.116320803899783641e+03 -4.489071225752013561e+00
6.117296100799925625e+03 -3.046575842251002086e+00
6.118380046300124377e+03 -1.897339111713606030e+00
6.145325550499837846e+03 -5.509450207058037563e+00
6.146264374599792063e+03 1.700147896326072328e+00
6.166203819999936968e+03 -5.841309477223049385e+00
6.168296104100067168e+03 2.215804594828327367e+00
6.169094024000223726e+03 1.649283296435122281e+01
6.169228033099789172e+03 2.993628152413364774e+00
6.170193187499884516e+03 -6.308357146650806158e+00
6.171129340200219303e+03 1.857021829315669947e+00
6.172135713600087911e+03 5.222936294632965826e+00
6.173200629999861121e+03 -5.215211256928641959e+00
6.174177099999971688e+03 1.897018549566904966e+00
6.174243494899943471e+03 7.381452890499829778e+00
6.175214003900066018e+03 -1.526034275964043729e+00
6.177148450000211596e+03 1.572488718016771259e+00
6.178119729999918491e+03 -4.477247710532878955e-01
6.194999600000213832e+03 -9.515382101765002432e+00
6.195089569999836385e+03 -1.151203941315749901e+01
6.195238830000162125e+03 -2.539336697532872833e+01
6.196071030000224710e+03 -1.548523671765666165e+01
6.197193245499860495e+03 2.349067267844127116e+00
6.198210557399783283e+03 -5.003456470842174042e+00
6.199290328599978238e+03 5.319851835365625448e+00
6.228018197000026703e+03 1.555820472119397380e+01
6.228159123300109059e+03 3.600149160766065393e+00
6.259079558100085706e+03 6.817884643942278444e+00
6.263071663300041109e+03 -1.215679677825875160e+00
6.284930170999839902e+03 1.547899988175692698e+01
6.471293880000244826e+03 -4.300956491025367256e+00
6.489274038999807090e+03 5.690908082562909698e+00
6.493291590000037104e+03 2.956996027810014027e+00
6.494284279999788851e+03 -7.105298351911272903e+00
6.495228560000192374e+03 5.422286856328220495e+00
6.505251674099825323e+03 3.983678085157698945e+00
6.506178007999900728e+03 5.150543747288111263e+00
6.506392246100120246e+03 1.447879379758050788e+01
6.507371987299993634e+03 5.303675734799874419e+00
6.520221789999864995e+03 1.052801753688714825e+01
6.521287279999814928e+03 1.128914556113177525e+01
6.523249189999885857e+03 1.486143880565683872e+01
6.524119589999783784e+03 2.618657990929578716e+01
6.524271290000062436e+03 1.596288399135641356e+01
6.525117300000041723e+03 1.026311414341762429e+01
6.525202240000013262e+03 5.552518999368822428e+00
6.530178579399827868e+03 8.145579592621672305e+00
6.551170770599972457e+03 8.369262961128320910e+00
6.552217253800015897e+03 1.029672921295647114e+01
6.553151026700157672e+03 -2.763314729179754181e+00
6.555111180000007153e+03 6.961813442590763401e+00
6.556087379999924451e+03 -6.831012858605816973e+00
6.557028959999792278e+03 6.368601782923278165e+00
6.560109975399915129e+03 1.428092185293947836e+01
6.560319047600030899e+03 1.429190524532387485e+01
6.587048200000077486e+03 -1.267773318660651682e+01
6.587976460000034422e+03 1.093160117929576813e+01
6.588948030000086874e+03 1.113520363266315627e+01
6.590076570000033826e+03 7.306937888083560040e-01
6.591114120000042021e+03 1.064856993806345287e+01
6.618000460000243038e+03 -1.621295385631915309e+01
6.638044716299977154e+03 4.117986900708402231e+00
6.638048599999863654e+03 1.515444469032736663e+01
6.641011260000057518e+03 4.661329530419003220e+00
6.642027379999868572e+03 1.390716560781980604e+01
6.668053248399868608e+03 -1.242083747617415668e+01
6.669086202899925411e+03 -1.315781201634440833e+01
6.670061839300207794e+03 -4.276365756916611360e+00
6.671053726000245661e+03 -1.168616614213275895e+01
6.672057502000126988e+03 -6.647477506086829635e-01
6.673060958799906075e+03 -3.745693558407516832e+00
6.677006792699918151e+03 -3.278482021576948569e+00
6.819408220000099391e+03 2.091326446965158681e+01
6.847333509999793023e+03 1.693270729630049942e+01
6.848322709999978542e+03 2.061749199617420203e+00
6.849300100000109524e+03 -2.042746109861035109e+00
6.849315961599815637e+03 6.421955598451908998e+00
6.850274616899900138e+03 1.350118595031148061e+01
6.850316140000242740e+03 7.144466849181014823e+00
6.851350130000151694e+03 8.697372394574117038e+00
6.871172280000057071e+03 1.219085278712182685e+01
6.871249210000038147e+03 1.333667643862065688e+01
6.875272963399998844e+03 7.354263198061573803e+00
6.876233789999969304e+03 1.297810444170381317e+01
6.877247070000041276e+03 -2.166769354823898652e-01
6.879249559999909252e+03 2.574295303472706919e+01
6.880230219999793917e+03 7.768955242740851475e+00
6.882333149999845773e+03 1.439125273792967619e+01
6.883215259999968112e+03 1.252763579001373451e+01
6.886241500000003725e+03 1.321181929072558603e+01
6.912351280000060797e+03 1.225844811515358401e+01
6.914226319999899715e+03 3.568395123798268287e+00
6.939051700000185519e+03 -7.756739021650957966e-01
6.966181090000085533e+03 7.873043921913112086e+00
6.967173690000083297e+03 5.906074724167922341e-01
6.969109300000127405e+03 2.458316989700001898e+00
6.995980920000001788e+03 1.177394254995164147e+00
7.000016869999933988e+03 8.777276261895156750e+00
7.019976739999838173e+03 2.125446569118898310e+01
7.022096200000029057e+03 1.318614584766099540e+01
7.146301979999989271e+03 1.238007246158386110e+01
7.147295369999948889e+03 1.058565882719167917e+01
7.200358754700049758e+03 7.246688207594843334e+00
7.203268827999942005e+03 2.568699966555601577e+01
7.205259420000016689e+03 -2.228402149874369798e+00
7.206258919999934733e+03 6.650657765921862641e+00
7.227280236099846661e+03 4.106500437375480317e+00
7.228308218900114298e+03 1.549877536837877656e+01
7.229284049500245601e+03 5.176498035409146325e+00
7.230361526200082153e+03 1.821962853718888908e+01
7.231243732000235468e+03 1.841790625485600685e+01
7.232249763700179756e+03 6.726293368936744344e+00
7.240215689999982715e+03 7.850280276940125646e+00
7.241225560000166297e+03 2.900425007537585032e+00
7.243249489999841899e+03 1.916625409204133934e+00
7.244237370000220835e+03 4.071426516410713958e+00
7.260130311999935657e+03 3.215721113232893202e+01
7.260312054200097919e+03 8.388486651493636259e+00
7.266174819999840111e+03 7.351116516692144387e+00
7.267290380000136793e+03 2.056132014719527490e+01
7.268221679999958724e+03 1.231024679115392928e+01
7.268358616000041366e+03 1.441243695047816686e+00
7.269162440000101924e+03 6.878747604169689112e+00
7.270154959999956191e+03 1.212251086425611390e+01
7.271105849999934435e+03 1.210359463293173832e+01
7.285114820000249892e+03 1.004280594602243326e+01
7.286129680000245571e+03 4.308943617486697519e+00
7.286256691399961710e+03 1.239176824638099461e+01
7.287132579999975860e+03 1.259139832350227906e+01
7.351127813899889588e+03 9.552816438066301430e+00
7.356122230499982834e+03 8.063653130358844123e+00
7.376116960899904370e+03 1.113194447130086928e+01
7.377144590000156313e+03 1.563307054105014515e+01
7.405018509999848902e+03 1.422271836159406178e+01
7.406034009300172329e+03 5.555727747489065393e+00
7.530409774600062519e+03 1.459325889266419551e+01
7.555422444100026041e+03 1.612847547501241507e+01
7.585394608200062066e+03 1.973145536844467784e+01
7.588292973900213838e+03 1.629465424763706238e+01
7.588294759999960661e+03 2.236577139060421615e+01
7.589267330000177026e+03 2.504598662422416311e+01
7.593285930000245571e+03 1.302414556255953215e+01
7.593382828100118786e+03 1.287812645491376173e+01
7.594297967200167477e+03 1.867269217279891436e+01
7.609363146000076085e+03 1.224956190552694402e+01
7.610343732499983162e+03 1.590363137440684582e+01
7.611390084899961948e+03 1.547352832546364709e+01
7.613268793699797243e+03 9.812017890299117084e+00
7.614441196300089359e+03 3.999945191539609368e+00
7.618230512499809265e+03 7.128011705783883656e+00
7.620239000699948519e+03 1.232582650085170428e+01
7.622249021600000560e+03 1.013426571041043189e+01
7.622259324700105935e+03 1.358433732777094605e+01
7.650060889999847859e+03 1.369175482850364745e+01
7.650345458799973130e+03 1.085299808142465139e+01
7.653077948799822479e+03 4.792300580967195245e+00
7.677081573199946433e+03 1.299867612411501483e+01
7.678172800200060010e+03 1.926662272774207452e+01
7.682149998700246215e+03 9.998088511979815962e+00
7.683183602900244296e+03 7.764973027683783613e+00
7.706131197900045663e+03 3.853460929439876281e+00
7.707182933500036597e+03 9.228036219121165118e-01
7.708947692499961704e+03 1.614316693472468955e+01
7.711003934599924833e+03 -2.527884676947213194e+00
7.711066583999898285e+03 -4.902121103397501400e+00
7.711123459999915212e+03 -4.100779692333091475e+00
7.711169530699960887e+03 -4.361196449232394912e+00
7.711207146500237286e+03 -4.768539770847045389e+00
7.733011151100043207e+03 -8.255533581003433596e-01
7.733942410000134259e+03 5.622632334017858113e+00
7.734096122500021011e+03 4.910062807281391883e+00
7.735014547599945217e+03 1.092293438910820669e+01
7.735956712999846786e+03 4.761935398912257256e+00
7.736076081399805844e+03 -5.752871330447092646e+00
7.737900268999859691e+03 2.191294481130904614e+01
7.742014893400017172e+03 -6.361677256542535019e+00
7.743004352299962193e+03 7.649023048982286355e+00
7.761065944499801844e+03 -4.166386468414430055e+00
7.764014338999986649e+03 8.217341803633715358e-01
7.764123731200117618e+03 -1.336670775362328811e+00
7.765005877300165594e+03 4.877879463260171633e+00
7.766007128600031137e+03 8.061649052790158976e+00
7.772018154900055379e+03 1.787778274974890280e+00
7.773015936499927193e+03 -8.876796675549556426e-01
7.886419067999813706e+03 -3.728873452648741704e+00
7.887418667799793184e+03 8.668970835359072424e+00
7.888420218400191516e+03 1.092928331859855717e+00
7.889423210300039500e+03 2.477783443833793342e+00
7.890416769800242037e+03 1.073169300646273427e+01
7.911427261699922383e+03 -5.487917970955983549e+00
7.912425434799864888e+03 7.611726201029767935e+00
7.924249299299903214e+03 8.263836442290388717e+00
7.943287312400061637e+03 2.840740986202291651e+00
7.946216609000228345e+03 2.145916738624594089e+00
7.948210709699895233e+03 -2.744780422150277843e+00
7.949153359999880195e+03 1.956425677355085213e+00
7.949224962899927050e+03 3.356267072978219801e+00
7.949271631900221109e+03 2.430065933783758680e+00
7.950211842800024897e+03 2.588298936420372343e+00
7.951238295599818230e+03 -1.496107716627200546e+00
7.964191652299836278e+03 6.866281755248735408e-01
7.966398858599830419e+03 3.067834994492031342e+00
7.967254029999952763e+03 -7.119139919404773309e+00
7.968201830000150949e+03 -1.060757898004449373e+01
7.976231769999954849e+03 -8.171278615268789736e+00
7.998155610000248998e+03 -4.270159601652320447e+00
7.999131209999788553e+03 -7.167395373522147395e+00
8.000035319999791682e+03 2.387277569141872391e+00
8.000134190000128001e+03 6.376089033307664522e+00
8.004098900000099093e+03 -2.242716061040546549e+00
8.005062607199884951e+03 -2.214057176283633410e+00
8.005142640000209212e+03 2.348045835232316136e+00
8.006100961800199002e+03 5.305484025312139806e+00
8.006137349999975413e+03 4.700096425299172154e+00
8.006259517100173980e+03 -3.162060060562410513e+00
8.007160670000128448e+03 -8.165791926830820557e+00
8.009137703800108284e+03 -4.458114213910477019e+00
8.024086899999994785e+03 -6.731614158816306315e+00
8.025074039999861270e+03 -2.089857891855416483e+00
8.027231579900253564e+03 -2.569024804203113632e+00
8.028237103099934757e+03 3.686041807987173513e+00
8.029223203800152987e+03 -6.719903110262691825e+00
8.033227214800193906e+03 4.426884255704209181e+00
8.034067597799934447e+03 1.549652705193199331e+01
8.039160097199957818e+03 3.293816396441400229e+00
8.054014391600154340e+03 1.181386642566911860e+01
8.055184190799947828e+03 -1.237916285869332000e+00
8.056082970600109547e+03 8.022126063880371305e+00
8.058017678999807686e+03 5.083019842096518914e-01
8.060985665599815547e+03 -1.881679181785202104e+00
8.062036072200164199e+03 4.939660971592335414e+00
8.062902634500060230e+03 3.262741367296502659e+00
8.062958730000071228e+03 -2.649219671799603049e+00
8.062975021800026298e+03 -3.830301930605251925e+00
8.063100420800037682e+03 -8.650192748800012765e+00
8.064886996999848634e+03 3.821566502396393616e+00
8.064985053999815136e+03 5.812310758060903026e+00
8.065131238000001758e+03 -1.231437064562953765e+00
8.065931036000140011e+03 7.357454021872769090e-01
8.066014626999851316e+03 -8.577203390587584408e-01
8.066108948000241071e+03 -6.751713035634153925e+00
8.066897073999978602e+03 -9.494412220616126774e+00
8.067001906000077724e+03 1.005133039016314456e+00
8.067106174999848008e+03 2.173662266010254029e+00
8.067875849000178277e+03 4.917936080638568797e+00
8.067977864999789745e+03 8.825893200786573800e+00
8.068888540999963880e+03 -7.799767057011450788e-01
8.068950104999821633e+03 1.764495282834658951e+00
8.069061964999884367e+03 -4.688646400509625778e+00
8.069909680000040680e+03 4.070699380318437477e+00
8.070013429000042379e+03 5.487966562707626395e+00
8.086877983999904245e+03 -2.392491210092771325e+00
8.088924569999799132e+03 -3.210779866515878211e+00
8.089867000999860466e+03 8.254931997558699663e+00
8.090862610999960452e+03 1.983777119005068812e+00
8.091024753000121564e+03 1.062739696284528179e+01
8.091880067999940366e+03 -3.849846991338615965e+00
8.091955176999792457e+03 -1.321637886278804075e+00
8.092041734999977052e+03 2.562407024102611786e+00
8.092867500000167638e+03 7.149483516460509946e+00
8.092989219599869102e+03 6.396074970755666556e+00
8.093049995000008494e+03 1.371874499816142112e+01
8.093990266699809581e+03 -4.571399354173692586e+00
8.094993167100008577e+03 1.021073921293194076e-01
8.118999578400049359e+03 -7.234736964825899008e+00
8.119874896999914199e+03 -1.290808852414215835e+00
8.119956987999845296e+03 -1.136584709283731343e+00
8.119998538100160658e+03 -6.341629262177690407e+00
8.120872043000068516e+03 9.757916743148058458e+00
8.120998391699977219e+03 1.611995479007426013e+00
8.121912611000239849e+03 3.470937897893236368e+00
8.121997990199830383e+03 -7.548425055513746429e+00
8.122875090000219643e+03 -3.355576388013108868e+00
8.123885183000005782e+03 8.093022156843680648e+00
8.123934047999791801e+03 9.045115467001387799e+00
8.124892599999904633e+03 -3.017233776934688194e+00
8.124956633000168949e+03 -8.796186128489580369e+00
8.125000687399879098e+03 -1.089834211407448095e+01
8.125894133999943733e+03 2.505970688910160504e+00
8.125951642000116408e+03 4.089952336625756857e+00
8.143883448999840766e+03 6.841485015903153055e+00
8.144012935400009155e+03 -6.204213497080040440e+00
8.144882990200072527e+03 -4.266620494318695833e+00
8.145005598300136626e+03 -3.875081564555383551e+00
8.145880187999922782e+03 9.128819067355848915e+00
8.148886063999962062e+03 8.005223996138170151e+00
8.149887093000113964e+03 5.636445812069759143e-01
8.150017005700152367e+03 -1.050273561114292420e+01
8.263389576899819076e+03 -1.311782859576913296e+01
8.264420879300218076e+03 -7.092325250395731473e+00
8.265392431899905205e+03 -6.161691909527448274e+00
8.273408836199901998e+03 -7.806938040534632250e+00
8.292353825599886477e+03 -1.426682207655941426e+01
8.293282384000252932e+03 -2.288847585818714947e+00
8.295282340399920940e+03 -1.062501584416666844e+01
8.298260845100041479e+03 -7.368604966079292495e+00
8.299373048800043762e+03 -9.721911775182512372e+00
8.300330238100141287e+03 -1.641897513064932213e+01
8.301342483200132847e+03 -5.232457115134934611e+00
8.323266011099796742e+03 -7.496250573688897134e+00
8.324257835499942303e+03 -9.876521075958564211e-01
8.325379546499811113e+03 -1.323120272019001575e+01
8.326190065199974924e+03 -1.318699128245991403e+01
8.350366613899823278e+03 -6.001865925080814179e+00
8.353320686200167984e+03 -1.393072365648352218e+01
8.375953783799894154e+03 2.114420872163393028e+00
8.375997307899873704e+03 9.679309230806154574e-02
8.376031711400020868e+03 -1.796771684862619622e+00
8.376665299999993294e+03 2.760464346504896582e+00
8.381822738599963486e+03 8.206398231563355239e+00
8.381848400000017136e+03 7.025822306098916670e+00
8.381913959899917245e+03 1.032127924538755792e+00
8.381950866600032896e+03 5.069870563949478992e-01
8.382176907899789512e+03 -1.178073147536055387e+01
8.382177740000188351e+03 -5.971175578174921839e+00
8.382732228000182658e+03 2.236228145773296205e+00
8.384760854199994355e+03 4.559663732544660064e+00
8.384790604500100017e+03 4.829489002109827567e+00
8.384862753800116479e+03 -1.405823464507200526e+00
8.384891700000036508e+03 -4.425862205432309793e+00
8.385946438000071794e+03 -9.789004150836307261e+00
8.386073268000036478e+03 1.778731578918053557e+00
8.386198255000170320e+03 2.564932291139481180e+00
8.386950263000093400e+03 -1.454206961714621826e+00
8.387956050000153482e+03 -1.217096776471457531e+01
8.388116981999948621e+03 -1.890514366064763863e-01
8.388974882000125945e+03 6.359977015700124525e+00
8.389084817999973893e+03 3.783112379428104077e-01
8.389977303999941796e+03 -1.243003308582707689e+01
8.390069660999812186e+03 2.344102773003243101e+00
8.390182885999791324e+03 -1.155588765399576801e+01
8.392918997600208968e+03 8.293012523695990623e-01
8.392961195299867541e+03 -3.373913840664251040e-01
8.392988446999806911e+03 -2.104624021536029232e+00
8.396540662100072950e+03 7.805390232758810498e+00
8.396571500000078231e+03 6.877029433509434853e+00
8.396642816700041294e+03 3.005603475118249435e+00
8.396682374999858439e+03 1.905616440171371551e-01
8.398761650000233203e+03 4.339206732306344350e+00
8.398788800000213087e+03 1.300350879486607880e+00
8.398856449999846518e+03 -5.288969089010876701e+00
8.401710299999918789e+03 4.215032205368302698e+00
8.401805600000079721e+03 -7.791197348652190158e-03
8.404661657900083810e+03 1.930321880639979781e+00
8.404745266700163484e+03 -3.301013319498949272e+00
8.404780266699846834e+03 -4.287003532547302598e+00
8.406887756300158799e+03 2.512102412935938389e+00
8.406929679300170392e+03 4.038876466109755370e-01
8.406953734999988228e+03 -1.456424443389416012e+00
8.408967685999814421e+03 2.525845673223582111e+00
8.409066931399982423e+03 9.674847172223621783e-01
8.409909296100027859e+03 -2.906672623476111994e-01
8.410097236699890345e+03 -6.916451206650521044e+00
8.410568899999838322e+03 4.667305146031694107e+00
8.410640083100181073e+03 1.729411361773152578e+00
8.410671038500033319e+03 -1.094948332487390985e-01
8.410927294100169092e+03 -5.228382487850531390e+00
8.411034742199815810e+03 9.915724684454403359e-01
8.411943795300088823e+03 -1.463517886119916511e+00
8.412080470699816942e+03 -9.182793676913185266e+00
8.412935434900224209e+03 -1.662490817787606900e+01
8.413120159000158310e+03 -7.548582002267032465e+00
8.418259769100230187e+03 -1.242541340086599178e+01
8.418627600000239909e+03 2.563878759303591437e+00
8.423831018100026995e+03 1.627278840038194119e+00
8.423872470300178975e+03 -3.194776564051515777e-01
8.423902527700178325e+03 -1.856218124280740511e+00
8.432638413200154901e+03 -1.409193779761508836e+00
8.432664199999999255e+03 -2.626679048260371019e+00
8.432735919999890029e+03 -9.339020546316248783e+00
8.435589016700163484e+03 2.654998403148375985e+00
8.435616100000217557e+03 1.890210490124140108e+00
8.435681249999906868e+03 -4.478136575300929678e+00
8.435709199999924749e+03 -8.230495688788302289e+00
8.435999191000126302e+03 -1.392282303629626128e+01
8.436983425999991596e+03 -5.057549123930940915e+00
8.437950826699845493e+03 -1.579660374871662754e+01
8.438937990800011903e+03 -4.613170259469256962e+00
8.440031742999795824e+03 -8.139422830480896209e+00
8.440959191000089049e+03 -1.588010613691896822e+01
8.441153293100185692e+03 -1.960992342174465364e+01
8.442069079599808902e+03 -7.859869938861479000e+00
8.442938082000240684e+03 -1.205455454838059381e+00
8.443970575000159442e+03 -1.633360799797050333e+01
8.445894274999853224e+03 -4.407891467092021287e+00
8.447005694999825209e+03 -1.946266397333843656e+01
8.469879414000082761e+03 -1.533571994286879203e+01
8.469974946999922395e+03 -1.469607873588796565e+01
8.470866760999895632e+03 -7.473600534661819950e+00
8.470990217000246048e+03 -1.121158904102114207e+01
8.471939371000044048e+03 -2.176020837030322141e+01
8.472931388999801129e+03 -1.429916140280321102e+01
8.473871869999915361e+03 -1.026799517935904404e+01
8.474913292999844998e+03 -2.054086510436302859e+01
8.474965528999920934e+03 -2.077949400525994150e+01
8.475867628999985754e+03 -5.104380489301298951e+00
8.495014958300162107e+03 -1.675719398386299730e+01
8.498011385200079530e+03 -1.341189843778271751e+01
8.501047242400236428e+03 -1.763528512219908606e+01
8.614422093300148845e+03 -5.581539280390508395e+00
8.616425681199878454e+03 -1.992271127227157024e+01
8.624417741700075567e+03 -1.840648338709411291e+01
8.629390774699859321e+03 -1.027267873346022498e+01
8.630402415699791163e+03 -1.221518204138497765e+01
8.740149357399903238e+03 -2.171875110800155539e+01
8.749102192900143564e+03 -1.783723830906390617e+01
8.765023950499948114e+03 -2.792735903841932554e+01
8.773643828699830920e+03 -1.694620820082839430e+00
8.776609119399916381e+03 -3.165961790403542864e+00
8.776636799999978393e+03 -3.994265785836631721e+00
8.776704514299985021e+03 -9.475960870871574571e+00
8.776737566700205207e+03 -1.070876236669182191e+01
9.007427107899915427e+03 -2.594156689085622602e+01
9.009427129500079900e+03 -1.985726215686418783e+01
9.010377479699905962e+03 -2.324701430165368521e+01
9.032930182700045407e+03 -3.483220154255079137e+00
9.032972920599859208e+03 -5.675042694023119338e+00
9.033012452799826860e+03 -7.431772660448828560e+00
9.036349681099876761e+03 -1.056013275234487026e+01
9.046879203400108963e+03 -3.839553562867585867e+00
9.046921105999965221e+03 -4.718761255340183425e+00
9.046964186000172049e+03 -6.644726711950539766e+00
9.047006908500101417e+03 -8.104646137920042293e+00
9.047040280499961227e+03 -1.041043295940221469e+01
9.059218873899895698e+03 -8.218104489026725190e+00
9.080783808200154454e+03 3.838418431296879874e+00
9.080828817700035870e+03 1.226749959679686697e+00
9.080874665600247681e+03 -1.407854342048295848e+00
9.080903170700185001e+03 -1.315335325361175478e+00
9.096137007799930871e+03 -2.600008970305171641e+00
9.105872754100244492e+03 5.007650226998016763e+00
9.105914636599831283e+03 1.840356478833470533e+00
9.105959598400164396e+03 -1.792481490732257043e+00
9.130124946900177747e+03 -3.148130567772625454e+00
9.131113199799787253e+03 -1.778054248085178557e+01
9.136788388799875975e+03 9.806872383926474868e+00
9.136833204499911517e+03 8.126528746525067959e+00
9.136877095600124449e+03 6.440878747292416051e+00
9.167711980000138283e+03 8.316301568800462007e+00
9.167755825600121170e+03 6.304642981085592623e+00
9.167793335199821740e+03 3.942284321235362654e+00
9.248005379999987781e+03 -9.793784430048368961e+00
9.249006948499940336e+03 -2.086148517696410565e+01
9.250006517800036818e+03 -7.824071906186546244e+00
9.251014220200013369e+03 -1.660623675017720657e+01
