0.000000000000000000e+00 -5.381671745023550102e+01
2.683136999998241663e+02 -2.836928678664087755e+01
4.389582199999131262e+02 -2.063896352437599546e+01
7.969391999999061227e+02 -2.673100510165498278e+01
1.067271100000012666e+03 -5.227253305435882069e+00
1.092030499999877065e+03 -1.014793596914820739e+01
1.327306100000161678e+03 1.074768054942859408e+01
1.413233599999919534e+03 -1.393938567265625039e+01
1.414160500000230968e+03 -2.144316426436915890e+00
1.535998600000049919e+03 1.529112178495365981e+01
1.727291250000242144e+03 7.358681035156333650e+00
1.771114899999927729e+03 9.787189586588112888e+00
1.772197000000160187e+03 1.103747048123209140e+01
1.890917799999937415e+03 1.291088417460625237e+01
2.097333200000226498e+03 -5.031253051280089039e-01
2.189044410000089556e+03 2.956988921865551845e+00
2.190102030000183731e+03 -4.618945958051952516e+00
2.215067850000225008e+03 -1.256854233089830331e+01
2.478258280000183731e+03 -1.259077841248380025e+01
2.509151839999947697e+03 -4.480328493173814763e+00
2.510188940000254661e+03 -8.926460696402052974e+00
2.510275859999936074e+03 -4.298738845210387183e+00
2.511046370000112802e+03 -1.273016503124576104e+01
2.511256330000236630e+03 -1.535975406507175478e+01
2.512015120000112802e+03 -8.471339527891892374e+00
2.512162580000236630e+03 -8.215326514561112958e+00
2.513118629999924451e+03 -8.832016782306965297e+00
2.513239730000030249e+03 -1.144046502925669984e+01
2.542142430000007153e+03 -4.463245052731139140e+00
2.543158660000190139e+03 1.414190705959839534e+00
2.546127650000154972e+03 1.154962459050824819e+01
2.547047830000054091e+03 1.335199734922965931e+01
2.548107520000077784e+03 5.486407907853728005e+00
2.549121040000114590e+03 7.510389476018346500e+00
2.550137320000212640e+03 6.431222946367149973e+00
2.565980340000241995e+03 -7.109934940642574475e+00
2.566123569999821484e+03 -6.842034621256978255e+00
2.566895000000018626e+03 -6.577720702261515839e+00
2.567034649999812245e+03 -6.546470737376239413e+00
2.570157420000061393e+03 -8.490846598694318459e+00
2.572018850000109524e+03 -3.661661684149208895e-01
2.573932810000143945e+03 -1.012624185147210198e+01
2.590019020000007004e+03 5.744138167848120702e-01
2.593009589999914169e+03 -1.363002174739586536e+01
2.593956859999801964e+03 -9.595401070146735378e+00
2.594994849999900907e+03 -6.299816521447567652e+00
2.601004220000002533e+03 -8.915300153935291405e+00
2.601958480000030249e+03 -9.664471013816552158e+00
2.602903789999894798e+03 -7.851077441643141697e+00
2.608009539999999106e+03 2.666061936903588503e+00
2.608956360000185668e+03 -4.129447624657800020e+00
2.620953189999796450e+03 -3.535191401753010609e-01
2.621971040000207722e+03 -3.772504314903109446e+00
2.622956629999913275e+03 -1.090736124017354314e+00
2.623958680000156164e+03 7.145729204915340915e-01
2.624957719999831170e+03 6.028811342779505367e-01
2.635956679999828339e+03 1.381841595632053554e+00
2.636943570000119507e+03 -3.825832567778157056e+00
2.654960280000232160e+03 -1.024940038576310997e+01
2.843275859999936074e+03 -1.476628871990580905e+01
2.859198520000092685e+03 -6.985809746869534820e+00
2.863224100000225008e+03 -7.858361825848355409e+00
2.924051359999924898e+03 -1.675479830448075091e+01
2.925033030000049621e+03 -1.953508998858595902e+01
2.926043659999966621e+03 -1.835398587213347099e+01
2.958041619999799877e+03 -2.000535542426058200e+01
2.959034500000067055e+03 -1.682513276716490935e+01
2.971996609999798238e+03 -3.634935993343568761e+00
2.984989829999860376e+03 -7.722880563664205056e+00
3.035963330000173301e+03 -8.891347032320673804e+00
3.215172340000048280e+03 -5.491595118416306320e+00
3.216231910000089556e+03 -4.565864791413204671e+00
3.253201640000101179e+03 -7.313646007496465984e+00
3.574303199999965727e+03 1.074268107793758276e+01
3.576288559999782592e+03 1.264574131738179119e+00
3.628147929999977350e+03 3.962904426471851593e+00
3.634195489999838173e+03 1.449169634472440293e-01
3.635152929999865592e+03 7.145557815200362484e+00
3.664010230000130832e+03 -3.457313184177266407e+00
3.719991570000071079e+03 6.845076265649211678e+00
3.726978010000195354e+03 9.314012882996186349e+00
3.747899453000165522e+03 4.053340085663391079e+01
3.890322730000130832e+03 1.141653750463560613e+01
3.925159808999858797e+03 1.076628050006456760e+01
3.951246108000166714e+03 1.235815598132571580e+01
3.954120231000240892e+03 2.054605681325118383e+01
3.954266090000048280e+03 1.212726393862361363e+01
3.956276839999947697e+03 8.593871636701521766e+00
3.958219219999853522e+03 7.831983310491395400e+00
3.961277809999883175e+03 6.076144394958595818e+00
3.977114725999999791e+03 2.854813313557070487e+01
4.003118830000050366e+03 1.160616335044703362e+01
4.029097790000028908e+03 9.868525653255964869e+00
4.048004379999823868e+03 -7.660378398468523642e-01
4.048975947999861091e+03 1.179990897300302777e+01
4.051075660000089556e+03 1.272484842491891754e+00
4.076988872000016272e+03 1.309027611599571728e+01
4.109912998000159860e+03 8.519646856402914636e+00
4.261318830000236630e+03 -6.701939907265970220e-01
4.263305819999892265e+03 4.414547411830099577e+00
4.281326640000101179e+03 2.731344263038110398e+00
4.282307109999936074e+03 4.128629653754604334e+00
4.283156046200077981e+03 1.009335483141489576e+01
4.295275859999936074e+03 -5.894911771911637288e-01
4.301289460000116378e+03 3.936856848374745255e+00
4.316274929999839514e+03 6.672580830474672098e+00
4.328233119999989867e+03 1.056314925927923554e+01
4.332166180000174791e+03 5.257926294704944326e+00
4.335234560000244528e+03 5.328627021860047108e+00
4.336196599999908358e+03 5.804163952866435494e+00
4.339137085999827832e+03 3.669829909807717172e+00
4.349178890000097454e+03 8.616369468983073432e+00
4.391058029999956489e+03 1.476574856106002898e+01
4.393079770000185817e+03 1.713185002945654389e+01
4.401019330000039190e+03 1.175946278593977823e+01
4.409021128000225872e+03 -1.420171291562937199e+00
4.421984840000048280e+03 -2.714257757914925406e+00
4.426003465000074357e+03 7.070425673005331646e-01
4.454980440000072122e+03 6.951259852818054696e-01
4.460954729999881238e+03 9.314692132353883380e-01
4.461960090000182390e+03 5.718927928817208794e+00
4.462969399999827147e+03 3.887608657244442156e+00
4.638314919999800622e+03 6.544788911446744351e+00
4.640408040000125766e+03 -4.253477074155213700e+00
4.642279273999854922e+03 5.301900588392721048e+00
4.657284729999955744e+03 -3.868744248336810188e+00
4.664320679999887943e+03 3.655285684287541415e+00
4.670261237999890000e+03 -6.106744194521784408e+00
4.678304390000179410e+03 -2.105359773238294707e+00
4.684257730000186712e+03 1.786618747954271669e+00
4.689233620000071824e+03 -1.608074508591490570e+01
4.700205589999910444e+03 -1.811029472636321636e+00
4.703250469999853522e+03 -1.483572406886356987e+01
4.707257830000016838e+03 6.468403875431754102e+00
4.709225939999800175e+03 -5.589270007444891775e+00
4.720164460000116378e+03 -1.141078844529279479e+01
4.720209449999965727e+03 -1.627305969372046945e+01
4.721044170000124723e+03 -1.964012122167193297e+01
4.725076853999868035e+03 8.755604111021654035e+00
4.728076669999863952e+03 -7.358769439344371222e+00
4.729119909999892116e+03 -1.119904562494419409e+01
4.737074109999928623e+03 -5.758435032913062912e-01
4.738126259999815375e+03 2.432264250392826455e+00
4.755086380000226200e+03 -8.971405380245926153e+00
4.755267669999971986e+03 -5.624342705604313153e+00
4.756000469999853522e+03 -4.104274357785300253e+00
4.756163000000175089e+03 -7.760837571985810257e+00
4.757059359999839216e+03 -1.379399582387706147e+01
4.760102030000183731e+03 9.505823901693013056e+00
4.767055350000038743e+03 5.221042278649235868e+00
4.770046029999852180e+03 -5.636825847848157878e+00
4.775046502000186592e+03 -5.008832339028831626e+00
4.781084449999965727e+03 -7.676653635708535539e+00
4.781961409999988973e+03 -8.360535797458794605e-01
4.797004389999900013e+03 -2.205277431530550558e+00
4.801968210000079125e+03 -1.233960889908652803e+01
4.806938372000120580e+03 -4.501375113719092269e+00
4.809959850000217557e+03 -6.853926097156193720e+00
4.829984120000153780e+03 -5.584778059806865258e+00
4.830982100000139326e+03 -7.638106085199012796e+00
4.831974280000198632e+03 -2.634292629653103290e+00
4.840985059999860823e+03 1.899871634454015634e+00
4.841982590000145137e+03 1.545811491760836986e+00
4.842981689999811351e+03 -5.280997872805954785e+00
4.843991059999912977e+03 -3.654314302323591335e+00
4.848001420000102371e+03 -2.185847817565557705e+01
4.848967029999941587e+03 -1.229042725276661585e+01
4.849973360000178218e+03 -1.908262216789276522e+01
4.850978269999846816e+03 -1.230647322167795465e+01
4.974299730000086129e+03 -6.387941525881053906e+00
4.975297699999995530e+03 -4.414252375408224793e+00
4.976262060000095516e+03 -6.813352356832751866e+00
4.986289989999961108e+03 -1.176987824394359450e+00
4.988319809999782592e+03 -5.582475679073439778e-02
4.994382569999899715e+03 -1.356857162718650045e+01
4.995398980000056326e+03 -1.170131562148868198e+01
4.996314919999800622e+03 -9.819388394884455806e+00
4.997313149999827147e+03 -8.283546126273662935e+00
4.998254740000236779e+03 -2.203902125718009586e+00
5.006287469999864697e+03 -2.885133142920125238e+00
5.016281179999932647e+03 -1.151702000544149840e+01
5.020261090000160038e+03 9.273632305668755293e-01
5.022237149999942631e+03 5.896425599446679655e-01
5.022301469999831170e+03 -9.256839391058335309e+00
5.023328540000133216e+03 -2.618366017149259761e+00
5.024383630000054836e+03 -8.138261923742412307e+00
5.028255840000230819e+03 -4.132169379737419490e+00
5.030233729999978095e+03 -2.352289017861991738e+00
5.053204930000007153e+03 2.862229429773904599e+00
5.074242560000158846e+03 -3.867802730118929055e+00
5.075309489999897778e+03 -7.306496636356587970e+00
5.078219060000032187e+03 -5.493667103270837515e+00
5.083003254999872297e+03 -9.641862428355793213e+00
5.102240160000044852e+03 -7.888495950063209250e+00
5.104220910000149161e+03 -1.002429595481353175e+01
5.127025160000193864e+03 1.677303828532402008e+00
5.133036859999876469e+03 6.031858301921886323e-01
5.134095569999888539e+03 -1.657780464748945803e+00
5.144019559999927878e+03 1.591283342893092367e+00
5.145026829999871552e+03 1.330266256567128380e+00
5.158969630000181496e+03 5.696673747945069977e+00
5.164004490000195801e+03 9.596162765372753256e-01
5.199075600000098348e+03 -6.952261834240857752e+00
5.225900183999910951e+03 -4.504395891720662348e+00
5.226015039999969304e+03 -5.031118901152943579e+00
5.349256140499841422e+03 -7.752622802063910967e+00
5.351246724400203675e+03 -2.725602888640722199e+00
5.353255559099838138e+03 -5.557503092675833756e+00
5.354237446300219744e+03 -5.476158167198683202e+00
5.356214019299950451e+03 -1.719377456472457766e+00
5.370182510099839419e+03 3.994075476854987983e-01
5.371191980800125748e+03 9.229816109825890180e-01
5.375192720899824053e+03 5.115882267280369433e-01
5.376177247699815780e+03 4.136041091119153634e-01
5.380164573600050062e+03 -2.772419873610388663e+00
5.381181778099853545e+03 -1.039293451941679081e+01
5.385143439299892634e+03 1.265589769402268416e+00
5.387130759700201452e+03 -4.033381778749941304e+00
5.403103455199860036e+03 -2.896206499532148371e+00
5.405091061499901116e+03 -2.337361449283818615e+00
5.406095983400009573e+03 -5.793966781187435799e+00
5.408296305399853736e+03 2.097259293622983023e+00
5.409295268999878317e+03 9.321103752247239527e-02
5.409308290000073612e+03 2.670505337197198514e+00
5.410088569200132042e+03 3.242626565615047696e+00
5.412259260000195354e+03 -9.333653575997406193e+00
5.412297217600047588e+03 -2.923536246106390735e+00
5.413289729999843985e+03 4.378257964394656199e+00
5.415066031999886036e+03 -2.949896249101271906e+00
5.416060355700086802e+03 -4.938557845546412750e+00
5.416292909400071949e+03 -5.641039029487302514e-01
5.417071390599943697e+03 -4.192816051439756109e+00
5.419289631499908864e+03 -4.619322501293012806e-01
5.420057311399839818e+03 2.200746259723018738e+00
5.420284130699932575e+03 1.897598119920985482e+00
5.421040682299993932e+03 1.671793641293426447e+00
5.421267597700003535e+03 4.433647729125510750e+00
5.422046988199930638e+03 1.775076248890457009e+00
5.425060025800019503e+03 2.548693629891289447e+00
5.425271435600239784e+03 -1.055528639815769054e+00
5.428038128099869937e+03 -7.708892117255388143e-01
5.430243050000164658e+03 -1.246566792110709798e+01
5.431092910000123084e+03 -1.465183797687897993e+01
5.436186989999841899e+03 3.315229019933610743e+00
5.437185221999883652e+03 6.509361444158379584e+00
5.439131330000236630e+03 3.356223371545894452e-01
5.440151839999947697e+03 2.186574549407738211e+00
5.442176250000018626e+03 -6.783161582710114601e+00
5.443158850000239909e+03 -9.462943974392459268e-01
5.446201755700167269e+03 -8.114489937546260023e+00
5.453182215100154281e+03 5.333457317069857595e+00
5.454951737899798900e+03 4.225763333703710600e+00
5.456119609999936074e+03 3.467416763392532353e+00
5.456197851300239563e+03 4.003731360321891586e+00
5.459121193999890238e+03 4.235195552671498831e+00
5.461181573600042611e+03 5.998529163537035913e+00
5.463941852000076324e+03 2.003522595586190391e+00
5.464154324400238693e+03 1.077024627451777405e+00
5.467051870000082999e+03 -3.508333895138463276e+00
5.471922804399859160e+03 1.132258252389270581e+00
5.472912922599818558e+03 1.009109503077738168e+00
5.474125159400049597e+03 -5.200300429522854984e-01
5.474902876699808985e+03 -2.152498961199171390e+00
5.478106353600043803e+03 -4.909101130265938195e+00
5.478892295899800956e+03 1.433909821097934412e+00
5.484865468000061810e+03 5.559405403128028667e+00
5.485108458200003952e+03 -1.994789325193433882e+00
5.487092372999992222e+03 1.256445474023403364e+01
5.488049436999950558e+03 4.860614831660740265e+00
5.488093559000175446e+03 8.506788575047337986e+00
5.490074370000045747e+03 3.508577052573983224e+00
5.491016090000048280e+03 -1.077922021612547354e+00
5.498311739999800920e+03 -6.938321669622929733e+00
5.501008590000215918e+03 1.484186786454223750e+00
5.503007309999782592e+03 -3.764362136060505293e+00
5.504054577500093728e+03 6.067337015620729801e+00
5.506052391400095075e+03 1.212634183715354697e+00
5.511024349700193852e+03 2.348152491215870441e+00
5.517019165799953043e+03 4.072951380893691464e+00
5.520032464100047946e+03 4.784446288564701888e+00
5.521973370000254363e+03 1.501813895518887776e+00
5.522943899999838322e+03 -9.450861372637469060e+00
5.522995635100174695e+03 -2.549688608608839502e+00
5.523990506900008768e+03 -4.343527801291614310e+00
5.523993340000044554e+03 -1.391559308220453062e+01
5.524986490500159562e+03 -2.226498122778750144e+00
5.529977479999884963e+03 -4.218690545210279197e+00
5.531969879399985075e+03 1.173952218549501936e+00
5.532959809400141239e+03 1.914868591106397844e-01
5.533958656600210816e+03 2.300356920124997373e-01
5.537939622200094163e+03 4.555768734749712223e+00
5.538965811899863183e+03 3.817156739607270310e+00
5.540956540000159293e+03 2.926824228846129472e+00
5.703304179999977350e+03 -1.760997928462320417e+01
5.704296879999805242e+03 -7.663395928664540335e+00
5.759200660000089556e+03 4.982830709194132623e-01
5.760248819999862462e+03 -6.232581000038948105e+00
5.760314421100076288e+03 -1.921516316685853099e+00
5.784203590000048280e+03 4.416395549334581005e+00
5.785173179999925196e+03 2.112411418601596758e+00
5.791186760100070387e+03 -3.343020182181312805e+00
5.805152280000038445e+03 -2.036279248354162519e-01
5.806152439999859780e+03 6.439237200472774703e+00
5.807137240000069141e+03 -1.981228998084765491e+00
5.808114680000115186e+03 2.260190845958817363e+00
5.809141259999945760e+03 8.507323183783384479e+00
5.810107960000168532e+03 -9.248577859961670811e-01
5.811088239999953657e+03 -1.304065134230583567e+00
5.812183790000155568e+03 -5.498792147177425704e+00
5.813228250000160187e+03 -2.034776830267677639e+00
5.814052250000182539e+03 -2.580617796838282629e-01
5.824151269999798387e+03 7.492523399120862848e+00
5.825164559999946505e+03 6.377186433101400098e+00
5.826137719999998808e+03 7.681404351756768278e+00
5.827147940000053495e+03 -4.530109242248350654e+00
5.847113142699934542e+03 -3.886295527359351354e-01
5.858006419999990612e+03 1.324225973200082862e+01
5.859059820000082254e+03 2.857842311907702992e+00
5.860007029999978840e+03 5.114588604736724164e+00
5.861016369999852031e+03 9.940214647837478879e+00
5.862013100000098348e+03 7.785478748541308391e+00
5.863090950000099838e+03 7.447364987511562617e+00
5.881966370000038296e+03 5.277599524326795688e+00
5.896948600000236183e+03 1.458014403570552986e+01
5.897950590000022203e+03 1.012867595983085778e+01
5.898952190000098199e+03 1.150242709596425073e+01
5.899955790000036359e+03 5.532060938049980336e+00
5.900946370000019670e+03 6.128790601459112253e+00
5.902090431500226259e+03 -1.998628703953261976e+00
5.937966550000011921e+03 -7.499332211575786999e+00
5.968034373200032860e+03 1.504731070995157793e+00
5.969011275600176305e+03 6.962296619978829426e-01
6.090333310000132769e+03 -6.641840376754373665e+00
6.114225325000006706e+03 4.816406142373688581e+00
6.114251603200100362e+03 -3.592808011599188944e-01
6.114348856000229716e+03 1.382394213938113126e+00
6.115351672200020403e+03 1.857443463396215577e-01
6.116320803899783641e+03 -5.867279785924282010e-01
6.117296100799925625e+03 3.559428707889651378e-01
6.118380046300124377e+03 -4.636095415328064462e+00
6.145325550499837846e+03 -1.035932087247978473e+00
6.146264374599792063e+03 -2.758926308125211335e-01
6.166203819999936968e+03 -5.868479716133871094e+00
6.168296104100067168e+03 4.341057014667057956e-01
6.169094024000223726e+03 1.604310642105831164e+01
6.169228033099789172e+03 3.148276336862394942e+00
6.170193187499884516e+03 4.108108207884541230e+00
6.171129340200219303e+03 7.575764724144427475e+00
6.172135713600087911e+03 7.231264640004170019e+00
6.173200629999861121e+03 6.637508851032094981e+00
6.174177099999971688e+03 5.678141347497739133e+00
6.174243494899943471e+03 8.149561769708032699e+00
6.175214003900066018e+03 6.506453078477633767e+00
6.177148450000211596e+03 5.436757671518478219e+00
6.178119729999918491e+03 8.269417816385725928e+00
6.194999600000213832e+03 -6.248925973609416928e+00
6.195089569999836385e+03 -3.670945500851434673e+00
6.195238830000162125e+03 -1.306646590669500441e+01
6.196071030000224710e+03 -6.064480030441121272e+00
6.197193245499860495e+03 9.783673496414451165e-01
6.198210557399783283e+03 3.368266188215699231e+00
6.199290328599978238e+03 3.042058483847554839e+00
6.228018197000026703e+03 8.862985340658852351e+00
6.228159123300109059e+03 -2.247401739909477669e+00
6.259079558100085706e+03 -3.169649828258556568e+00
6.263071663300041109e+03 -2.751094558460494000e+00
6.284930170999839902e+03 8.523181505564927818e+00
6.471293880000244826e+03 1.213396291694678553e+00
6.489274038999807090e+03 7.656395439860258278e+00
6.493291590000037104e+03 -1.820488841387401635e+00
6.494284279999788851e+03 -1.718386618506158925e+00
6.495228560000192374e+03 3.827788278766075081e+00
6.505251674099825323e+03 1.852774793830761269e+00
6.506178007999900728e+03 2.263117858493380652e+00
6.506392246100120246e+03 3.389262339886101927e+00
6.507371987299993634e+03 4.200599799940505363e-01
6.520221789999864995e+03 3.325954476245641445e+00
6.521287279999814928e+03 -2.222951653340459188e-01
6.523249189999885857e+03 7.398950353123382229e+00
6.524119589999783784e+03 1.555580041424373405e+01
6.524271290000062436e+03 9.066791932801628207e+00
6.525117300000041723e+03 8.959353786266728292e+00
6.525202240000013262e+03 6.320554477226439261e+00
6.530178579399827868e+03 1.544652762806457247e+00
6.551170770599972457e+03 1.792445120427075267e+00
6.552217253800015897e+03 2.170965784022342859e-01
6.553151026700157672e+03 -3.084593660811353999e+00
6.555111180000007153e+03 -3.289204426072288356e+00
6.556087379999924451e+03 -7.137783309506509966e+00
6.557028959999792278e+03 3.398768973458956566e+00
6.560109975399915129e+03 4.598225831455234669e+00
6.560319047600030899e+03 3.876356365352052080e+00
6.587048200000077486e+03 -9.777066749070655760e+00
6.587976460000034422e+03 1.076806165782215885e+01
6.588948030000086874e+03 3.811796502063934611e+00
6.590076570000033826e+03 4.244225602405329312e+00
6.591114120000042021e+03 2.522032401498463194e+00
6.618000460000243038e+03 -7.126651367756288380e+00
6.638044716299977154e+03 6.873087526701610273e+00
6.638048599999863654e+03 1.927511005248111076e+01
6.641011260000057518e+03 1.160803290211656957e+01
6.642027379999868572e+03 1.373524305563742764e+01
6.668053248399868608e+03 -3.497025228021144017e+00
6.669086202899925411e+03 -1.041652003468519894e+01
6.670061839300207794e+03 -2.968377364276093999e+00
6.671053726000245661e+03 -5.154683747325230492e-01
6.672057502000126988e+03 9.097253770036424214e-01
6.673060958799906075e+03 -1.427772567045749952e+00
6.677006792699918151e+03 6.931131394881234087e+00
6.819408220000099391e+03 1.078045393617048830e+01
6.847333509999793023e+03 1.366209019255854962e+01
6.848322709999978542e+03 -3.369924242720305330e+00
6.849300100000109524e+03 1.435605577779561770e+00
6.849315961599815637e+03 8.307501412753246939e+00
6.850274616899900138e+03 7.728177994023333497e+00
6.850316140000242740e+03 1.289353028602874929e+00
6.851350130000151694e+03 5.933673469499012754e+00
6.871172280000057071e+03 6.606493955378006433e+00
6.871249210000038147e+03 1.185768520070145371e+01
6.875272963399998844e+03 7.179992113419295663e+00
6.876233789999969304e+03 7.412818442559185428e+00
6.877247070000041276e+03 5.123874177004204000e+00
6.879249559999909252e+03 2.331849218138323820e+01
6.880230219999793917e+03 1.429241576134718628e+01
6.882333149999845773e+03 1.911030508057566379e+01
6.883215259999968112e+03 1.920950823700656684e+01
6.886241500000003725e+03 1.565345254876743297e+01
6.912351280000060797e+03 1.031359152195591022e+01
6.914226319999899715e+03 7.937994621923969873e+00
6.939051700000185519e+03 8.964024876060207703e+00
6.966181090000085533e+03 9.696766289187333854e+00
6.967173690000083297e+03 1.133340498264648488e+01
6.969109300000127405e+03 6.159299841246010487e+00
6.995980920000001788e+03 8.846133719503377790e+00
7.000016869999933988e+03 6.783925302333830842e+00
7.019976739999838173e+03 1.749655974679136250e+01
7.022096200000029057e+03 5.871363330754107324e+00
7.146301979999989271e+03 1.609988663391242980e+01
7.147295369999948889e+03 7.006343038124017042e+00
7.200358754700049758e+03 8.530880876532314971e+00
7.203268827999942005e+03 2.781295999640327921e+01
7.205259420000016689e+03 3.399037874040296003e+00
7.206258919999934733e+03 6.722545818277395391e+00
7.227280236099846661e+03 1.290274226731680685e+01
7.228308218900114298e+03 1.550567948912431859e+01
7.229284049500245601e+03 1.468705406356042786e+01
7.230361526200082153e+03 1.985229018838445825e+01
7.231243732000235468e+03 1.729513073696013237e+01
7.232249763700179756e+03 1.683490015682182417e+01
7.240215689999982715e+03 1.151307690855267651e+01
7.241225560000166297e+03 1.359259797836479322e+01
7.243249489999841899e+03 1.099143587900355712e+01
7.244237370000220835e+03 1.107731448611347957e+01
7.260130311999935657e+03 3.602095332689204810e+01
7.260312054200097919e+03 1.580613853508663169e+01
7.266174819999840111e+03 1.176707170528814572e+01
7.267290380000136793e+03 1.290911068361425862e+01
7.268221679999958724e+03 1.027866925872000081e+01
7.268358616000041366e+03 3.897633879543079161e+00
7.269162440000101924e+03 1.189476486528440091e+01
7.270154959999956191e+03 8.832634234034060228e+00
7.271105849999934435e+03 9.286082285061141306e+00
7.285114820000249892e+03 6.040223403086088183e+00
7.286129680000245571e+03 8.695471294435414222e+00
7.286256691399961710e+03 1.061588787145656809e+01
7.287132579999975860e+03 6.396498398814268072e+00
7.351127813899889588e+03 3.582895103951869942e+00
7.356122230499982834e+03 5.951373076012870911e+00
7.376116960899904370e+03 1.060354945905007540e+01
7.377144590000156313e+03 9.631540364518770048e+00
7.405018509999848902e+03 9.545054506947700190e+00
7.406034009300172329e+03 9.532271177669052520e+00
7.530409774600062519e+03 8.883280084765530660e+00
7.555422444100026041e+03 7.624122399227736935e+00
7.585394608200062066e+03 8.640063461325219407e+00
7.588292973900213838e+03 4.483354323593630397e+00
7.588294759999960661e+03 1.199837482506664088e+01
7.589267330000177026e+03 1.150901281757209915e+01
7.593285930000245571e+03 1.487541655239901672e+01
7.593382828100118786e+03 9.734067021800591135e+00
7.594297967200167477e+03 9.120116232066564521e+00
7.609363146000076085e+03 1.241010587407153487e+01
7.610343732499983162e+03 1.121395637801538570e+01
7.611390084899961948e+03 6.485495881175431521e+00
7.613268793699797243e+03 6.820472998879523630e+00
7.614441196300089359e+03 1.631330117511460287e+00
7.618230512499809265e+03 5.784232406255718217e+00
7.620239000699948519e+03 3.684845995280625175e+00
7.622249021600000560e+03 5.272446164011171277e+00
7.622259324700105935e+03 6.391698083538862818e+00
7.650060889999847859e+03 1.541345006877489254e+01
7.650345458799973130e+03 2.892031264539568269e+00
7.653077948799822479e+03 4.690867235256684253e+00
7.677081573199946433e+03 1.480795191655987253e+01
7.678172800200060010e+03 1.633804933193994202e+01
7.682149998700246215e+03 1.365324919614043964e+01
7.683183602900244296e+03 1.609928086308768513e+01
7.706131197900045663e+03 4.767676799081485228e+00
7.707182933500036597e+03 1.549677453893323786e+00
7.708947692499961704e+03 2.739566025341702016e+01
7.711003934599924833e+03 9.151660406772684553e+00
7.711066583999898285e+03 7.697479750425214817e+00
7.711123459999915212e+03 7.840086450036816146e+00
7.711169530699960887e+03 6.237470170260792202e+00
7.711207146500237286e+03 4.379965423449769801e+00
7.733011151100043207e+03 5.267482441059208043e+00
7.733942410000134259e+03 1.636862120393589493e+01
7.734096122500021011e+03 8.422918099791809610e+00
7.735014547599945217e+03 7.553806116880124932e+00
7.735956712999846786e+03 9.599482230686973594e+00
7.736076081399805844e+03 1.772867289138595481e+00
7.737900268999859691e+03 2.307894794801536165e+01
7.742014893400017172e+03 4.973844758905016761e+00
7.743004352299962193e+03 9.825126197509042925e+00
7.761065944499801844e+03 3.658507625693069087e+00
7.764014338999986649e+03 5.294966941585549591e+00
7.764123731200117618e+03 4.565944829167726482e+00
7.765005877300165594e+03 5.857473622777710887e+00
7.766007128600031137e+03 3.108987054226574287e+00
7.772018154900055379e+03 4.951696904960769530e+00
7.773015936499927193e+03 7.286381390332451247e+00
7.886419067999813706e+03 3.928381347212983599e-01
7.887418667799793184e+03 2.896010694265013896e+00
7.888420218400191516e+03 -7.533717757239344337e-02
7.889423210300039500e+03 3.497987486787536682e+00
7.890416769800242037e+03 2.188883621423855175e+00
7.911427261699922383e+03 -3.649475850684389400e+00
7.912425434799864888e+03 6.087239870914089579e-01
7.924249299299903214e+03 4.510074332911614192e+00
7.943287312400061637e+03 4.354681592230505771e+00
7.946216609000228345e+03 9.471615756835946698e+00
7.948210709699895233e+03 9.241923855090803386e+00
7.949153359999880195e+03 9.028441687956373585e+00
7.949224962899927050e+03 7.343168627611852628e+00
7.949271631900221109e+03 4.714828080596156212e+00
7.950211842800024897e+03 5.748733268519330863e+00
7.951238295599818230e+03 1.031627329035872975e+01
7.964191652299836278e+03 3.767059051346848264e-01
7.966398858599830419e+03 2.993989600882535740e+00
7.967254029999952763e+03 -1.671774155382216520e+00
7.968201830000150949e+03 -1.742471470337292772e+00
7.976231769999954849e+03 6.123775572670595579e+00
7.998155610000248998e+03 7.218183939919136094e-01
7.999131209999788553e+03 1.747365802122381240e+00
8.000035319999791682e+03 4.637991379677984582e+00
8.000134190000128001e+03 5.397152251536368794e+00
8.004098900000099093e+03 8.556873318776597515e+00
8.005062607199884951e+03 9.409327056525075506e+00
8.005142640000209212e+03 1.005111869185200035e+01
8.006100961800199002e+03 6.744332145938294332e+00
8.006137349999975413e+03 6.131341509218117380e+00
8.006259517100173980e+03 2.001533552410322159e+00
8.007160670000128448e+03 3.751901934319818110e+00
8.009137703800108284e+03 -1.108220914055522144e+00
8.024086899999994785e+03 4.448245116534280896e+00
8.025074039999861270e+03 8.576093243522535658e-01
8.027231579900253564e+03 -1.910803415947011530e+00
8.028237103099934757e+03 -2.371413753795351909e+00
8.029223203800152987e+03 -2.095660815573410218e+00
8.033227214800193906e+03 4.913643574223932831e+00
8.034067597799934447e+03 1.378339614716087880e+01
8.039160097199957818e+03 2.617483768865923821e+00
8.054014391600154340e+03 5.712972792956392709e+00
8.055184190799947828e+03 -3.019182795386292639e+00
8.056082970600109547e+03 -1.420327918965684777e+00
8.058017678999807686e+03 -2.350488956182559264e-01
8.060985665599815547e+03 2.844254404208236053e+00
8.062036072200164199e+03 -1.195678767138730336e-01
8.062902634500060230e+03 3.855651126429471276e-01
8.062958730000071228e+03 -2.740174480789104194e+00
8.062975021800026298e+03 -3.023559630713432256e+00
8.063100420800037682e+03 -2.627217074844397260e+00
8.064886996999848634e+03 -5.909422695476536092e-01
8.064985053999815136e+03 -1.126281927433424812e+00
8.065131238000001758e+03 -5.286027627928305606e+00
8.065931036000140011e+03 -5.492739077442365669e-01
8.066014626999851316e+03 1.714654677352655199e+00
8.066108948000241071e+03 -3.143252471890207289e+00
8.066897073999978602e+03 -7.204436595980993729e+00
8.067001906000077724e+03 -7.439976345089576171e-01
8.067106174999848008e+03 -3.952743403434013203e+00
8.067875849000178277e+03 -2.551159290042711802e+00
8.067977864999789745e+03 2.600339455584759207e-01
8.068888540999963880e+03 -2.999430765902552309e+00
8.068950104999821633e+03 2.390726740102181225e+00
8.069061964999884367e+03 -2.790963895847070830e+00
8.069909680000040680e+03 1.579214932290081919e+00
8.070013429000042379e+03 -1.656875649544087281e+00
8.086877983999904245e+03 -9.213785180332372704e+00
8.088924569999799132e+03 -4.452696446550490350e+00
8.089867000999860466e+03 1.898300363011841796e+00
8.090862610999960452e+03 -7.087618341538032496e+00
8.091024753000121564e+03 9.651851760956013493e+00
8.091880067999940366e+03 -2.101491937435095991e+00
8.091955176999792457e+03 -1.085737713235047863e+00
8.092041734999977052e+03 -6.343637424847194950e-01
8.092867500000167638e+03 -3.039250239063653325e-01
8.092989219599869102e+03 -6.044676160439339085e+00
8.093049995000008494e+03 3.832111340594227755e+00
8.093990266699809581e+03 -7.963590201143787795e+00
8.094993167100008577e+03 -7.438957675444356710e+00
8.118999578400049359e+03 -1.194761443571387360e+01
8.119874896999914199e+03 7.810248946361681988e-01
8.119956987999845296e+03 -8.149939418123182122e-01
8.119998538100160658e+03 -9.596469033339957377e+00
8.120872043000068516e+03 3.816666504894456580e+00
8.120998391699977219e+03 -8.541641120093132145e+00
8.121912611000239849e+03 2.262820918419716776e+00
8.121997990199830383e+03 -6.926727298177759451e+00
8.122875090000219643e+03 -1.069575249519392202e+00
8.123885183000005782e+03 -1.123090379250726301e-01
8.123934047999791801e+03 3.847828094172740521e-01
8.124892599999904633e+03 -3.196903645562187535e+00
8.124956633000168949e+03 -6.513916674286285513e+00
8.125000687399879098e+03 -9.989987453361464986e+00
8.125894133999943733e+03 2.006766598736916762e+00
8.125951642000116408e+03 1.090907326852892822e+00
8.143883448999840766e+03 -2.383385301697021674e+00
8.144012935400009155e+03 -1.152040212997869695e+01
8.144882990200072527e+03 -3.499266984988967266e+00
8.145005598300136626e+03 -7.320040618362192220e+00
8.145880187999922782e+03 1.941329092907203346e+00
8.148886063999962062e+03 3.710215137569846888e+00
8.149887093000113964e+03 2.192796302195681335e+00
8.150017005700152367e+03 -5.383316303768239663e+00
8.263389576899819076e+03 -6.569142000407708792e+00
8.264420879300218076e+03 -3.741703946764530997e+00
8.265392431899905205e+03 -6.525879139937217133e+00
8.273408836199901998e+03 -9.404504930692169751e+00
8.292353825599886477e+03 -1.375819488115178757e+01
8.293282384000252932e+03 -6.768501895418523873e+00
8.295282340399920940e+03 -4.027684279649442090e+00
8.298260845100041479e+03 -9.419606783462288746e-01
8.299373048800043762e+03 -9.582877206829834904e+00
8.300330238100141287e+03 -9.259490402775966800e+00
8.301342483200132847e+03 -8.012351765433791684e+00
8.323266011099796742e+03 -1.073645047282090559e+01
8.324257835499942303e+03 -1.114588452113626005e+01
8.325379546499811113e+03 -1.009657776981034161e+01
8.326190065199974924e+03 -1.117957433771896092e+01
8.350366613899823278e+03 -1.046943231670375241e+01
8.353320686200167984e+03 -1.574937262359235035e+01
8.375953783799894154e+03 -1.694002220541221959e-01
8.375997307899873704e+03 6.020491403847927359e-02
8.376031711400020868e+03 5.376235498023618220e-02
8.376665299999993294e+03 -3.295814414270836323e+00
8.381822738599963486e+03 -1.024378929506468694e-01
8.381848400000017136e+03 -1.064958483976852222e-01
8.381913959899917245e+03 -2.473959136436050699e+00
8.381950866600032896e+03 -9.837481196837956077e-01
8.382176907899789512e+03 -1.623513766206204423e+01
8.382177740000188351e+03 -8.413329784897285890e+00
8.382732228000182658e+03 4.131376772232428607e+00
8.384760854199994355e+03 6.045955263291702408e-01
8.384790604500100017e+03 2.143379246527928217e+00
8.384862753800116479e+03 -2.115438304710188788e-01
8.384891700000036508e+03 -1.679415843518935247e+00
8.385946438000071794e+03 -1.176164755768157733e+01
8.386073268000036478e+03 -5.060280482635038268e+00
8.386198255000170320e+03 -4.767005274719570806e+00
8.386950263000093400e+03 -8.800348340841029682e+00
8.387956050000153482e+03 -9.243234110267493975e+00
8.388116981999948621e+03 -1.381603885792124231e+00
8.388974882000125945e+03 7.022000365567748759e-02
8.389084817999973893e+03 -8.279285743323193003e+00
8.389977303999941796e+03 -1.648260766590223625e+01
8.390069660999812186e+03 3.173495551004563708e+00
8.390182885999791324e+03 -8.425548782227089362e+00
8.392918997600208968e+03 -7.053778257045841826e-01
8.392961195299867541e+03 4.039353251828501357e-01
8.392988446999806911e+03 7.522067874380411467e-02
8.396540662100072950e+03 1.849542032949401005e+00
8.396571500000078231e+03 2.225274410802910552e+00
8.396642816700041294e+03 2.243458532901641433e+00
8.396682374999858439e+03 1.593767917975242199e+00
8.398761650000233203e+03 2.473563581060403749e+00
8.398788800000213087e+03 6.484477410657518703e-01
8.398856449999846518e+03 -2.256123168447849991e+00
8.401710299999918789e+03 1.373250200849554403e+00
8.401805600000079721e+03 1.937935372055285654e+00
8.404661657900083810e+03 -2.036162136265616596e+00
8.404745266700163484e+03 -2.977989000025800692e+00
8.404780266699846834e+03 -2.105155495658735276e+00
8.406887756300158799e+03 8.383852184559259513e-02
8.406929679300170392e+03 1.023733587477053675e-01
8.406953734999988228e+03 -4.464991862140834655e-01
8.408967685999814421e+03 -8.920058536280109251e+00
8.409066931399982423e+03 -8.900977466158206397e+00
8.409909296100027859e+03 -4.485563489821096539e+00
8.410097236699890345e+03 -6.536357413643067105e+00
8.410568899999838322e+03 -5.146081698146218741e-01
8.410640083100181073e+03 4.512913921947045992e-01
8.410671038500033319e+03 3.175759879075954473e-01
8.410927294100169092e+03 -6.334189182168451282e+00
8.411034742199815810e+03 -4.539406990869601088e+00
8.411943795300088823e+03 -8.690141339872035076e+00
8.412080470699816942e+03 -1.135597904818028780e+01
8.412935434900224209e+03 -1.116697315564607962e+01
8.413120159000158310e+03 -3.158108940457005076e+00
8.418259769100230187e+03 -9.445041073641036178e+00
8.418627600000239909e+03 1.192006572798959496e+00
8.423831018100026995e+03 -5.995806536399328479e-02
8.423872470300178975e+03 1.434077993953906116e-01
8.423902527700178325e+03 2.663030058336630645e-01
8.432638413200154901e+03 -1.394907778297451273e+00
8.432664199999999255e+03 -1.527690161052944973e+00
8.432735919999890029e+03 -4.432810597890735949e+00
8.435589016700163484e+03 2.650128348599018580e+00
8.435616100000217557e+03 3.047930917908900028e+00
8.435681249999906868e+03 1.149174161489412427e-01
8.435709199999924749e+03 -2.154029707062278476e+00
8.435999191000126302e+03 -1.108628664701776501e+01
8.436983425999991596e+03 -1.045812122076830697e+01
8.437950826699845493e+03 -1.256667053716742544e+01
8.438937990800011903e+03 -3.484070562590979137e+00
8.440031742999795824e+03 -1.071976303033530087e+01
8.440959191000089049e+03 -8.313820612747164773e+00
8.441153293100185692e+03 -1.773036693191498614e+01
8.442069079599808902e+03 -9.018284395216511484e+00
8.442938082000240684e+03 -6.683587979992040573e-01
8.443970575000159442e+03 -5.455162419044802036e+00
8.445894274999853224e+03 -4.986720905739723264e+00
8.447005694999825209e+03 -1.345315645650063630e+01
8.469879414000082761e+03 -1.082012237944663013e+01
8.469974946999922395e+03 -1.413287752259485330e+01
8.470866760999895632e+03 -8.315497481272906555e+00
8.470990217000246048e+03 -7.861343997399636407e+00
8.471939371000044048e+03 -9.267829919149544793e+00
8.472931388999801129e+03 -9.861238726280014077e+00
8.473871869999915361e+03 -7.549061908061400317e+00
8.474913292999844998e+03 -8.318557969688974651e+00
8.474965528999920934e+03 -9.876291481490568458e+00
8.475867628999985754e+03 -1.441361925743279926e+00
8.495014958300162107e+03 -1.711306755112419609e+01
8.498011385200079530e+03 -1.684872923152519064e+01
8.501047242400236428e+03 -1.650508183916042526e+01
8.614422093300148845e+03 -2.141633883675752514e+01
8.616425681199878454e+03 -2.572207313373831994e+01
8.624417741700075567e+03 -2.048341844794809674e+01
8.629390774699859321e+03 -2.189131420281220386e+01
8.630402415699791163e+03 -1.982217992431428399e+01
8.740149357399903238e+03 -1.407145791785690392e+01
8.749102192900143564e+03 -1.398704729127040025e+01
8.765023950499948114e+03 -1.596936019520627958e+01
8.773643828699830920e+03 2.088047413751787929e+00
8.776609119399916381e+03 -4.693589224129866011e-01
8.776636799999978393e+03 -1.053945941512139939e-01
8.776704514299985021e+03 -1.930052826331177585e+00
8.776737566700205207e+03 -1.356336929982759898e+00
9.007427107899915427e+03 -1.744723857859130334e+01
9.009427129500079900e+03 -2.003162949884791999e+01
9.010377479699905962e+03 -1.672434746261470195e+01
9.032930182700045407e+03 6.160667305268816563e-01
9.032972920599859208e+03 3.148860208954999962e-01
9.033012452799826860e+03 6.775796010823285087e-01
9.036349681099876761e+03 -6.407020409658017002e+00
9.046879203400108963e+03 -8.805396923967023781e-01
9.046921105999965221e+03 -6.574292619070263299e-01
9.046964186000172049e+03 -7.574292680707230829e-01
9.047006908500101417e+03 2.887355554115345058e-02
9.047040280499961227e+03 -4.719672649615489490e-01
9.059218873899895698e+03 -2.882039336537630447e+00
9.080783808200154454e+03 6.274810429942689893e-01
9.080828817700035870e+03 -3.757842697082693917e-01
9.080874665600247681e+03 -7.449006981835424313e-01
9.080903170700185001e+03 8.906629620442743089e-01
9.096137007799930871e+03 -1.384975531021258988e+01
9.105872754100244492e+03 8.026951064627851906e-01
9.105914636599831283e+03 -2.825195004299558832e-01
9.105959598400164396e+03 -1.472735843717103421e+00
9.130124946900177747e+03 -1.485166676272052655e+01
9.131113199799787253e+03 -1.709014818521404067e+01
9.136788388799875975e+03 3.264030469875933704e-01
9.136833204499911517e+03 6.857705558035860349e-01
9.136877095600124449e+03 1.378514683238961425e+00
9.167711980000138283e+03 1.046324927949981998e-01
9.167755825600121170e+03 -8.390690414987034274e-02
9.167793335199821740e+03 -4.902194658240830449e-01
9.248005379999987781e+03 -1.067453110187381071e+01
9.249006948499940336e+03 -1.050167774614547156e+01
9.250006517800036818e+03 -6.307375925339355760e+00
9.251014220200013369e+03 -1.331158152572011488e+01
