0.000000000000000000e+00 -5.902710654989027717e+01
2.683136999998241663e+02 -2.932745155795367964e+01
4.389582199999131262e+02 -2.329937149611779290e+01
7.969391999999061227e+02 -2.748148356344779586e+01
1.067271100000012666e+03 -1.145487220486278090e+01
1.092030499999877065e+03 -2.325449983647430940e+00
1.327306100000161678e+03 7.763680839338078954e+00
1.413233599999919534e+03 -7.208497703975318416e+00
1.414160500000230968e+03 -4.684156637034433857e+00
1.535998600000049919e+03 1.140704320186951115e+01
1.727291250000242144e+03 1.393175404901136005e+00
1.771114899999927729e+03 1.263920354677690128e+01
1.772197000000160187e+03 3.627139954942684597e+00
1.890917799999937415e+03 1.045322859099094615e+01
2.097333200000226498e+03 4.835248705087551002e+00
2.189044410000089556e+03 -2.484391996450135309e+00
2.190102030000183731e+03 -2.996890967357288105e+00
2.215067850000225008e+03 -1.118736881825351048e+01
2.478258280000183731e+03 -4.095531730372243828e+00
2.509151839999947697e+03 3.401257759137923387e+00
2.510188940000254661e+03 -1.189435008716986886e+01
2.510275859999936074e+03 -8.151722405472806798e+00
2.511046370000112802e+03 -1.614197381381367080e+01
2.511256330000236630e+03 -1.062062824294201846e+01
2.512015120000112802e+03 -2.983017104123028673e+00
2.512162580000236630e+03 -1.076175964193630818e+00
2.513118629999924451e+03 -1.171610454421771408e+01
2.513239730000030249e+03 -1.557131156985512632e+01
2.542142430000007153e+03 -5.194796865473833236e+00
2.543158660000190139e+03 2.916582581499525872e+00
2.546127650000154972e+03 1.021920739706860459e+01
2.547047830000054091e+03 4.125572284965492997e+00
2.548107520000077784e+03 6.605538648993956485e+00
2.549121040000114590e+03 6.070643254727670524e+00
2.550137320000212640e+03 2.299496183610919786e+00
2.565980340000241995e+03 -2.838594817711523888e+00
2.566123569999821484e+03 -9.822856419710937814e+00
2.566895000000018626e+03 -1.105508332376687264e+01
2.567034649999812245e+03 -1.142278221599686105e+01
2.570157420000061393e+03 -7.273651523038402900e+00
2.572018850000109524e+03 -5.313063246310335330e+00
2.573932810000143945e+03 -8.635473644672757132e+00
2.590019020000007004e+03 -2.258076583573679130e+00
2.593009589999914169e+03 -1.171144846031295117e+01
2.593956859999801964e+03 -4.826372697095912656e+00
2.594994849999900907e+03 -1.088108850637986791e+01
2.601004220000002533e+03 -1.014592954836098215e+01
2.601958480000030249e+03 -3.842375503018686800e+00
2.602903789999894798e+03 -9.096266764564404639e+00
2.608009539999999106e+03 6.631715498249583618e+00
2.608956360000185668e+03 -7.019419791742592452e+00
2.620953189999796450e+03 -4.573074422303591291e-03
2.621971040000207722e+03 1.397551161881764870e-01
2.622956629999913275e+03 -5.670540024100304777e+00
2.623958680000156164e+03 5.845125543211622698e+00
2.624957719999831170e+03 4.098871340172266287e+00
2.635956679999828339e+03 5.705299186418255175e+00
2.636943570000119507e+03 -8.054555061257723025e+00
2.654960280000232160e+03 -1.743045773498479889e+00
2.843275859999936074e+03 -2.010058833312640303e+01
2.859198520000092685e+03 -4.831006161075400485e+00
2.863224100000225008e+03 -8.339957766715535570e+00
2.924051359999924898e+03 -1.684865938662579765e+01
2.925033030000049621e+03 -2.329727041045268976e+01
2.926043659999966621e+03 -1.348642159143113872e+01
2.958041619999799877e+03 -2.756383978407097501e+01
2.959034500000067055e+03 -1.668149891886771030e+01
2.971996609999798238e+03 -1.043015580959078648e+01
2.984989829999860376e+03 -5.400824115895268562e+00
3.035963330000173301e+03 -5.703133339897746623e+00
3.215172340000048280e+03 -1.125726892915068333e+01
3.216231910000089556e+03 6.149905912726012502e-01
3.253201640000101179e+03 -3.805391055058784389e+00
3.574303199999965727e+03 1.494854755606559849e+01
3.576288559999782592e+03 3.908850542917811310e+00
3.628147929999977350e+03 4.072759695640328914e+00
3.634195489999838173e+03 -4.212394035116375335e+00
3.635152929999865592e+03 7.973086221607303514e+00
3.664010230000130832e+03 4.086599308257191865e+00
3.719991570000071079e+03 1.072918391650412673e+01
3.726978010000195354e+03 4.263727710092387824e+00
3.747899453000165522e+03 4.005723517875203754e+01
3.890322730000130832e+03 1.394459908012883176e+01
3.925159808999858797e+03 6.384843684343056935e+00
3.951246108000166714e+03 1.613297625529736479e+01
3.954120231000240892e+03 2.068964368219172556e+01
3.954266090000048280e+03 1.669330949988752621e+01
3.956276839999947697e+03 7.737710627597465418e+00
3.958219219999853522e+03 4.992760729817575793e+00
3.961277809999883175e+03 -8.376889545118038072e-02
3.977114725999999791e+03 3.433157156108914876e+01
4.003118830000050366e+03 8.345307001960897253e+00
4.029097790000028908e+03 5.884315703556111998e+00
4.048004379999823868e+03 -4.863576534299625109e-01
4.048975947999861091e+03 6.663577414179837177e+00
4.051075660000089556e+03 -3.854321873071029358e+00
4.076988872000016272e+03 1.082922006992669850e+01
4.109912998000159860e+03 5.427656582522303097e+00
4.261318830000236630e+03 2.394114468787247318e-01
4.263305819999892265e+03 -1.908379198686247946e+00
4.281326640000101179e+03 9.288113804119255690e+00
4.282307109999936074e+03 7.201508266698759542e-01
4.283156046200077981e+03 4.498642188404144093e+00
4.295275859999936074e+03 6.644795093599661584e+00
4.301289460000116378e+03 9.361378688329160980e+00
4.316274929999839514e+03 5.079819534310274776e-01
4.328233119999989867e+03 1.021985704777144122e+01
4.332166180000174791e+03 1.064621212805749906e+01
4.335234560000244528e+03 6.975067842191531753e+00
4.336196599999908358e+03 8.866332064608215546e-01
4.339137085999827832e+03 3.631037051473882116e-01
4.349178890000097454e+03 1.133565223964092361e+01
4.391058029999956489e+03 1.742311614630545336e+01
4.393079770000185817e+03 1.344491687624834420e+01
4.401019330000039190e+03 3.124573831089781706e+00
4.409021128000225872e+03 -7.569973309962378494e+00
4.421984840000048280e+03 1.561164236792134119e+00
4.426003465000074357e+03 -2.537398967471126809e+00
4.454980440000072122e+03 4.929966877505719935e+00
4.460954729999881238e+03 7.277897511632339445e+00
4.461960090000182390e+03 7.053378811741666254e+00
4.462969399999827147e+03 1.333003036921624584e+00
4.638314919999800622e+03 2.595646856438818872e+00
4.640408040000125766e+03 -1.267453649714225605e+01
4.642279273999854922e+03 7.276859469937313918e+00
4.657284729999955744e+03 -1.152298360742887340e+01
4.664320679999887943e+03 7.683521298513795728e+00
4.670261237999890000e+03 -3.797574791961935148e+00
4.678304390000179410e+03 3.869475617258281375e+00
4.684257730000186712e+03 6.645131595115628897e+00
4.689233620000071824e+03 -1.173526533381183157e+01
4.700205589999910444e+03 -1.972083321139729506e+00
4.703250469999853522e+03 -8.843659389416544059e+00
4.707257830000016838e+03 6.355207183729710607e+00
4.709225939999800175e+03 8.161723315492679376e-01
4.720164460000116378e+03 -6.526571758739279971e+00
4.720209449999965727e+03 -9.709487529445965492e+00
4.721044170000124723e+03 -1.148903624282648650e+01
4.725076853999868035e+03 4.932880896450200225e+00
4.728076669999863952e+03 -1.237649639439237603e+01
4.729119909999892116e+03 -5.250647959897651873e+00
4.737074109999928623e+03 1.158529192578118483e+00
4.738126259999815375e+03 5.240802879044029083e+00
4.755086380000226200e+03 -9.325686475865147429e+00
4.755267669999971986e+03 -1.217186813389506028e+01
4.756000469999853522e+03 -1.169071633649818409e+01
4.756163000000175089e+03 -1.077894942427367653e+01
4.757059359999839216e+03 -1.166354690940683270e+01
4.760102030000183731e+03 1.313314611963361145e+01
4.767055350000038743e+03 -1.078952140435085028e+00
4.770046029999852180e+03 -1.164245069497489737e+01
4.775046502000186592e+03 -9.220562645408037383e+00
4.781084449999965727e+03 -1.407178555231580219e+01
4.781961409999988973e+03 -2.632570817132176444e+00
4.797004389999900013e+03 5.314274886043008905e-01
4.801968210000079125e+03 -1.128185125911899434e+01
4.806938372000120580e+03 -7.263805145885264380e+00
4.809959850000217557e+03 -7.213430381604556629e+00
4.829984120000153780e+03 -3.247314890148089717e-01
4.830982100000139326e+03 -8.260247036581944258e+00
4.831974280000198632e+03 -6.590279931080839759e+00
4.840985059999860823e+03 5.334783393169455934e+00
4.841982590000145137e+03 3.637934860724975294e+00
4.842981689999811351e+03 -1.038900107539674877e+01
4.843991059999912977e+03 9.320289045514300597e-01
4.848001420000102371e+03 -2.709640314128479943e+01
4.848967029999941587e+03 -1.400317708519802906e+01
4.849973360000178218e+03 -1.226246955789898863e+01
4.850978269999846816e+03 -1.592951335976525229e+01
4.974299730000086129e+03 -2.142462077047497360e+00
4.975297699999995530e+03 -1.667820173648237869e+00
4.976262060000095516e+03 -1.234450825433443555e+01
4.986289989999961108e+03 4.432999189444387866e+00
4.988319809999782592e+03 5.422239285844050016e+00
4.994382569999899715e+03 -7.994900937096165450e+00
4.995398980000056326e+03 -1.597413741321399527e+01
4.996314919999800622e+03 -8.649775000915163048e+00
4.997313149999827147e+03 -1.367435074796517824e+00
4.998254740000236779e+03 -4.952424783460379842e+00
5.006287469999864697e+03 -4.327418168900919682e+00
5.016281179999932647e+03 -9.209547280793612956e+00
5.020261090000160038e+03 -8.910142847585476034e-01
5.022237149999942631e+03 2.664914889831692335e+00
5.022301469999831170e+03 -5.735333005087381864e+00
5.023328540000133216e+03 -9.867627276709583839e+00
5.024383630000054836e+03 -6.238910254304222747e+00
5.028255840000230819e+03 4.816898513416489891e-01
5.030233729999978095e+03 -1.983335483818402523e+00
5.053204930000007153e+03 7.736210649802526262e+00
5.074242560000158846e+03 -8.825044495905817854e+00
5.075309489999897778e+03 -9.015901283748029016e-01
5.078219060000032187e+03 6.421807389409650568e-02
5.083003254999872297e+03 -1.444833007809912928e+01
5.102240160000044852e+03 -1.088115441850355580e+01
5.104220910000149161e+03 -8.107839625241853199e+00
5.127025160000193864e+03 3.946863844677761080e+00
5.133036859999876469e+03 -3.635209556987843982e+00
5.134095569999888539e+03 -2.257265541810156151e-01
5.144019559999927878e+03 1.283422638796508863e+00
5.145026829999871552e+03 -1.889450655121081013e+00
5.158969630000181496e+03 -1.103281094564437126e+00
5.164004490000195801e+03 -6.330419022838057685e+00
5.199075600000098348e+03 -2.435074779274053469e+00
5.225900183999910951e+03 -8.844584915934497360e+00
5.226015039999969304e+03 -7.817012053238400426e+00
5.349256140499841422e+03 -3.091309331133018645e-01
5.351246724400203675e+03 -5.070115312329374291e+00
5.353255559099838138e+03 -8.419373141436452102e+00
5.354237446300219744e+03 -6.832624904290305778e+00
5.356214019299950451e+03 -4.802872810854367458e+00
5.370182510099839419e+03 -1.244560970156037172e+00
5.371191980800125748e+03 2.559404376501106526e-01
5.375192720899824053e+03 4.566815024450137983e+00
5.376177247699815780e+03 -5.041263536196787243e+00
5.380164573600050062e+03 1.863505775847144719e+00
5.381181778099853545e+03 -1.060447903464859110e+01
5.385143439299892634e+03 -1.538275285704642670e+00
5.387130759700201452e+03 -7.301149221644806175e+00
5.403103455199860036e+03 9.330508786182960534e-01
5.405091061499901116e+03 -4.092123785221211563e+00
5.406095983400009573e+03 -5.790817110763342157e-01
5.408296305399853736e+03 8.074988186517785493e+00
5.409295268999878317e+03 -5.437348003477900704e+00
5.409308290000073612e+03 -2.873252303705278621e+00
5.410088569200132042e+03 -3.127409481225704724e+00
5.412259260000195354e+03 -1.703179767893496077e+01
5.412297217600047588e+03 -1.015776366794764130e+01
5.413289729999843985e+03 5.671285268495566356e+00
5.415066031999886036e+03 -5.340410278566523061e+00
5.416060355700086802e+03 -1.146983058444541115e+01
5.416292909400071949e+03 1.751131225607650777e+00
5.417071390599943697e+03 -1.675984370041476268e+00
5.419289631499908864e+03 2.171915813090286917e+00
5.420057311399839818e+03 5.332525129009745513e+00
5.420284130699932575e+03 -4.202525392446894159e+00
5.421040682299993932e+03 -4.694566803552639556e+00
5.421267597700003535e+03 6.191866527055083225e-01
5.422046988199930638e+03 8.580317196944520219e-02
5.425060025800019503e+03 2.535317421921185144e+00
5.425271435600239784e+03 7.422602337712618237e-01
5.428038128099869937e+03 7.135693362054453814e-01
5.430243050000164658e+03 -1.142593487101237315e+01
5.431092910000123084e+03 -1.175510036988905682e+01
5.436186989999841899e+03 7.846932821686394277e+00
5.437185221999883652e+03 4.502861341946669427e+00
5.439131330000236630e+03 4.518334213090575702e+00
5.440151839999947697e+03 -2.824360892616128993e+00
5.442176250000018626e+03 -3.635342391700561393e+00
5.443158850000239909e+03 -8.161212961423188972e+00
5.446201755700167269e+03 -1.568251704675043356e+01
5.453182215100154281e+03 1.217647243992427519e+01
5.454951737899798900e+03 -8.589738798180661661e-01
5.456119609999936074e+03 8.877104625344424349e+00
5.456197851300239563e+03 9.012249942069919584e+00
5.459121193999890238e+03 9.579134628469084589e+00
5.461181573600042611e+03 9.056769813637629341e+00
5.463941852000076324e+03 -1.599373318146682266e+00
5.464154324400238693e+03 6.105197161396397121e+00
5.467051870000082999e+03 1.188563790881687510e+00
5.471922804399859160e+03 -3.524689307871312849e+00
5.472912922599818558e+03 4.230234675081888440e+00
5.474125159400049597e+03 -4.707507420835810308e+00
5.474902876699808985e+03 -6.587297037129729915e+00
5.478106353600043803e+03 5.297738434988445988e-01
5.478892295899800956e+03 9.134483711145577445e+00
5.484865468000061810e+03 1.304642285566240467e+01
5.485108458200003952e+03 -4.300146308542181828e+00
5.487092372999992222e+03 2.007300200477156693e+01
5.488049436999950558e+03 2.644529018362206330e+00
5.488093559000175446e+03 5.066699554497631652e+00
5.490074370000045747e+03 9.109875966142119808e+00
5.491016090000048280e+03 -5.126181653161040686e+00
5.498311739999800920e+03 -5.502860843554849168e+00
5.501008590000215918e+03 8.325262670283684940e+00
5.503007309999782592e+03 -5.289477317955650904e+00
5.504054577500093728e+03 1.248297626660030346e+01
5.506052391400095075e+03 2.943944489286351995e+00
5.511024349700193852e+03 -1.348669080025487688e+00
5.517019165799953043e+03 2.811373415497619987e+00
5.520032464100047946e+03 5.852194768019828075e+00
5.521973370000254363e+03 -3.256353025502274789e+00
5.522943899999838322e+03 -8.885309604209275847e+00
5.522995635100174695e+03 8.199626714550802831e-01
5.523990506900008768e+03 1.843088195983803246e+00
5.523993340000044554e+03 -8.338365832484285534e+00
5.524986490500159562e+03 -5.601520904587104610e+00
5.529977479999884963e+03 -5.841058212719190124e+00
5.531969879399985075e+03 6.652713221848728153e+00
5.532959809400141239e+03 -3.214498931190391318e+00
5.533958656600210816e+03 -2.830915148172863383e+00
5.537939622200094163e+03 1.067780829243721286e+01
5.538965811899863183e+03 -4.903154642318838796e-01
5.540956540000159293e+03 6.353138207343675958e+00
5.703304179999977350e+03 -2.335445499212542586e+01
5.704296879999805242e+03 -4.242346911416763788e+00
5.759200660000089556e+03 -2.408171505951770541e+00
5.760248819999862462e+03 1.119451308836303838e+00
5.760314421100076288e+03 7.220268766621117607e+00
5.784203590000048280e+03 -1.937947166977572522e+00
5.785173179999925196e+03 1.823560897069018694e+00
5.791186760100070387e+03 2.330800822796586402e+00
5.805152280000038445e+03 3.557675465866203979e+00
5.806152439999859780e+03 6.674814805272859530e+00
5.807137240000069141e+03 -7.864515511067400766e+00
5.808114680000115186e+03 5.771309191659721449e+00
5.809141259999945760e+03 6.404511594921068252e+00
5.810107960000168532e+03 -5.789917355362831586e+00
5.811088239999953657e+03 2.904323655099510404e+00
5.812183790000155568e+03 -1.225625828139123286e+01
5.813228250000160187e+03 -9.538205791434108960e-01
5.814052250000182539e+03 3.393867442497585429e+00
5.824151269999798387e+03 3.170303471924903249e+00
5.825164559999946505e+03 1.040081426701763689e+01
5.826137719999998808e+03 1.704387203745540091e+00
5.827147940000053495e+03 -6.872709321777300318e+00
5.847113142699934542e+03 4.341550619798340449e+00
5.858006419999990612e+03 9.182528627375901920e+00
5.859059820000082254e+03 8.435765298120262656e+00
5.860007029999978840e+03 2.145317623793722817e+00
5.861016369999852031e+03 1.024151741538113924e+01
5.862013100000098348e+03 1.450445345326812685e+01
5.863090950000099838e+03 2.661295575026286997e+00
5.881966370000038296e+03 9.462519828883571904e+00
5.896948600000236183e+03 9.514366141743956007e+00
5.897950590000022203e+03 1.446310887780147425e+01
5.898952190000098199e+03 1.322196817292797277e+01
5.899955790000036359e+03 9.099670631035934321e-01
5.900946370000019670e+03 1.076896211011286297e+01
5.902090431500226259e+03 -7.543570708570918271e+00
5.937966550000011921e+03 -7.455455413155480215e+00
5.968034373200032860e+03 6.797638387011920358e+00
5.969011275600176305e+03 -3.245263650697236102e+00
6.090333310000132769e+03 -3.150526247172173555e+00
6.114225325000006706e+03 -1.172460428705947244e+00
6.114251603200100362e+03 -5.666260405768648312e+00
6.114348856000229716e+03 -1.082591099948135849e+00
6.115351672200020403e+03 6.282221757290688657e+00
6.116320803899783641e+03 -3.264005356640332423e+00
6.117296100799925625e+03 -1.316162492473210932e+00
6.118380046300124377e+03 6.855694311809799046e-01
6.145325550499837846e+03 -2.996283726206883102e-01
6.146264374599792063e+03 7.270697695333254273e+00
6.166203819999936968e+03 -4.871401624179174661e-01
6.168296104100067168e+03 6.635560859035194881e+00
6.169094024000223726e+03 2.313677301683665632e+01
6.169228033099789172e+03 8.160798894822249849e+00
6.170193187499884516e+03 -2.963663404489977893e-01
6.171129340200219303e+03 8.336472820162455832e+00
6.172135713600087911e+03 1.158252455743526355e+01
6.173200629999861121e+03 5.160391415297134188e-01
6.174177099999971688e+03 7.929924636563818297e+00
6.174243494899943471e+03 1.255270902492625851e+01
6.175214003900066018e+03 3.584390068456073664e+00
6.177148450000211596e+03 8.357164746780455289e+00
6.178119729999918491e+03 6.416339754604869938e+00
6.194999600000213832e+03 -5.821225714083791303e+00
6.195089569999836385e+03 -7.910666749591580782e+00
6.195238830000162125e+03 -2.194293270089196568e+01
6.196071030000224710e+03 -1.273785890114914210e+01
6.197193245499860495e+03 3.931125269361004371e+00
6.198210557399783283e+03 -3.070950482688708405e+00
6.199290328599978238e+03 7.886012728631371260e+00
6.228018197000026703e+03 1.504761800503607105e+01
6.228159123300109059e+03 1.592910006866048889e+00
6.259079558100085706e+03 3.027930929871914145e+00
6.263071663300041109e+03 -6.269463571787973422e+00
6.284930170999839902e+03 1.025919850525971810e+01
6.471293880000244826e+03 -2.613245852510630129e+00
6.489274038999807090e+03 4.310398789813397968e+00
6.493291590000037104e+03 2.170420498948956833e+00
6.494284279999788851e+03 -8.041358119602307397e+00
6.495228560000192374e+03 3.893553371735556823e+00
6.505251674099825323e+03 -4.019115391404355364e-01
6.506178007999900728e+03 1.352961670930667992e+00
6.506392246100120246e+03 1.084398912523467118e+01
6.507371987299993634e+03 2.320912239416927036e+00
6.520221789999864995e+03 5.103036612171990782e+00
6.521287279999814928e+03 6.826575594712892325e+00
6.523249189999885857e+03 1.147546269492831783e+01
6.524119589999783784e+03 2.255993236055397233e+01
6.524271290000062436e+03 1.226016590249530935e+01
6.525117300000041723e+03 6.080392308885798514e+00
6.525202240000013262e+03 1.324298498597906715e+00
6.530178579399827868e+03 3.855896748912890359e+00
6.551170770599972457e+03 3.344735772492214210e+00
6.552217253800015897e+03 5.673661060139032486e+00
6.553151026700157672e+03 -7.629160403914344357e+00
6.555111180000007153e+03 1.636452225080454070e+00
6.556087379999924451e+03 -1.233314243697860491e+01
6.557028959999792278e+03 1.162428667925347270e+00
6.560109975399915129e+03 8.416898203597966699e+00
6.560319047600030899e+03 8.274704918599393721e+00
6.587048200000077486e+03 -1.552819391231540180e+01
6.587976460000034422e+03 8.603270616942396032e+00
6.588948030000086874e+03 8.852902588966358621e+00
6.590076570000033826e+03 -2.125764716850454761e+00
6.591114120000042021e+03 7.111889624208806993e+00
6.618000460000243038e+03 -1.462812486477261587e+01
6.638044716299977154e+03 6.680049673342296046e+00
6.638048599999863654e+03 1.855914906978339474e+01
6.641011260000057518e+03 9.604228429211946860e+00
6.642027379999868572e+03 1.830605427617114600e+01
6.668053248399868608e+03 -6.421473562975577920e+00
6.669086202899925411e+03 -6.526719896778132579e+00
6.670061839300207794e+03 2.359900283843813895e+00
6.671053726000245661e+03 -5.564266964176404429e+00
6.672057502000126988e+03 4.845465244099667501e+00
6.673060958799906075e+03 1.555616096394956571e+00
6.677006792699918151e+03 3.234939599124167842e+00
6.819408220000099391e+03 1.507174032654123863e+01
6.847333509999793023e+03 1.393289899760933537e+01
6.848322709999978542e+03 -1.411560277630609761e+00
6.849300100000109524e+03 -5.493487990537310850e+00
6.849315961599815637e+03 2.137515481713755605e+00
6.850274616899900138e+03 9.694033768715371480e+00
6.850316140000242740e+03 4.201614364630955833e+00
6.851350130000151694e+03 5.500546407430135787e+00
6.871172280000057071e+03 9.705082144407555234e+00
6.871249210000038147e+03 1.089280135415074824e+01
6.875272963399998844e+03 7.201112025196565014e+00
6.876233789999969304e+03 1.257394238729425240e+01
6.877247070000041276e+03 -9.702811640205588617e-01
6.879249559999909252e+03 2.641615106537148350e+01
6.880230219999793917e+03 8.341495062859905829e+00
6.882333149999845773e+03 1.529302457278691207e+01
6.883215259999968112e+03 1.290772508113844452e+01
6.886241500000003725e+03 1.325589101573700646e+01
6.912351280000060797e+03 1.609164133475758973e+01
6.914226319999899715e+03 6.156921779586919996e+00
6.939051700000185519e+03 6.326329169596178303e+00
6.966181090000085533e+03 1.136861623807054045e+01
6.967173690000083297e+03 4.356861964393665687e+00
6.969109300000127405e+03 7.710728282339232464e+00
6.995980920000001788e+03 2.009830831657303918e+00
7.000016869999933988e+03 8.616936310212171435e+00
7.019976739999838173e+03 1.982991306941829635e+01
7.022096200000029057e+03 1.104367679655081957e+01
7.146301979999989271e+03 1.421915081744226939e+01
7.147295369999948889e+03 1.181082920581859419e+01
7.200358754700049758e+03 1.314435011757829841e+01
7.203268827999942005e+03 3.362359588098944130e+01
7.205259420000016689e+03 3.847456369214434346e+00
7.206258919999934733e+03 1.182170214668639119e+01
7.227280236099846661e+03 8.384683581483532322e+00
7.228308218900114298e+03 1.907689854271274754e+01
7.229284049500245601e+03 8.185384035544501558e+00
7.230361526200082153e+03 2.112352868866594235e+01
7.231243732000235468e+03 2.160384974884652820e+01
7.232249763700179756e+03 1.025387401535184750e+01
7.240215689999982715e+03 1.123874128400038330e+01
7.241225560000166297e+03 6.483732845128386657e+00
7.243249489999841899e+03 4.179151714126657424e+00
7.244237370000220835e+03 5.719218108704382075e+00
7.260130311999935657e+03 3.352954209636175875e+01
7.260312054200097919e+03 8.200562117721219124e+00
7.266174819999840111e+03 4.717546531877928828e+00
7.267290380000136793e+03 1.813365036398726460e+01
7.268221679999958724e+03 1.057910153928344243e+01
7.268358616000041366e+03 -1.009725505392111700e+00
7.269162440000101924e+03 5.913834316585550255e+00
7.270154959999956191e+03 1.156501924896501521e+01
7.271105849999934435e+03 1.134043091398626757e+01
7.285114820000249892e+03 8.856841483135198700e+00
7.286129680000245571e+03 2.729198969536845709e+00
7.286256691399961710e+03 9.887644181662071929e+00
7.287132579999975860e+03 1.026090492297379164e+01
7.351127813899889588e+03 4.766961279776978699e+00
7.356122230499982834e+03 2.417347321903378088e+00
7.376116960899904370e+03 8.283391551769103245e+00
7.377144590000156313e+03 1.290163234900546030e+01
7.405018509999848902e+03 1.445893788127544610e+01
7.406034009300172329e+03 5.846874501783780431e+00
7.530409774600062519e+03 1.083561513962180101e+01
7.555422444100026041e+03 1.229350314121116838e+01
7.585394608200062066e+03 1.367606572584507774e+01
7.588292973900213838e+03 8.431795753959278272e+00
7.588294759999960661e+03 1.534143324937419095e+01
7.589267330000177026e+03 1.837979144567843548e+01
7.593285930000245571e+03 9.685147997010119525e+00
7.593382828100118786e+03 8.682816593666117910e+00
7.594297967200167477e+03 1.409395951653954526e+01
7.609363146000076085e+03 7.645109772141303495e+00
7.610343732499983162e+03 1.098596443876673945e+01
7.611390084899961948e+03 1.067304453483814086e+01
7.613268793699797243e+03 5.772685088577190982e+00
7.614441196300089359e+03 -2.020713524512132153e-01
7.618230512499809265e+03 7.349535170237757598e-01
7.620239000699948519e+03 7.649460182970230449e+00
7.622249021600000560e+03 8.282700347278691311e+00
7.622259324700105935e+03 1.013352931784103816e+01
7.650060889999847859e+03 1.355240808229349625e+01
7.650345458799973130e+03 1.017981884036561269e+01
7.653077948799822479e+03 4.616884323562326031e+00
7.677081573199946433e+03 1.367810069691712727e+01
7.678172800200060010e+03 2.118127823599245119e+01
7.682149998700246215e+03 1.448601673418064451e+01
7.683183602900244296e+03 1.184604410597864899e+01
7.706131197900045663e+03 7.907469559437522832e+00
7.707182933500036597e+03 5.673623277044505642e+00
7.708947692499961704e+03 2.424053767574888951e+01
7.711003934599924833e+03 4.100950945391247160e+00
7.711066583999898285e+03 1.691161849934196937e+00
7.711123459999915212e+03 2.459033815598900219e+00
7.711169530699960887e+03 2.170742449905219473e+00
7.711207146500237286e+03 1.740172585624215174e+00
7.733011151100043207e+03 3.833740120278552155e+00
7.733942410000134259e+03 1.015673656102376654e+01
7.734096122500021011e+03 8.477918674525042775e+00
7.735014547599945217e+03 1.405073410274827950e+01
7.735956712999846786e+03 9.708237128589580323e+00
7.736076081399805844e+03 -2.331701994107277187e+00
7.737900268999859691e+03 2.864364296027300583e+01
7.742014893400017172e+03 -1.691617556338300687e+00
7.743004352299962193e+03 1.216519039165358151e+01
7.761065944499801844e+03 -2.536477794426680532e+00
7.764014338999986649e+03 4.633365938842359810e-02
7.764123731200117618e+03 -2.133173756402584331e+00
7.765005877300165594e+03 4.256981845004403908e+00
7.766007128600031137e+03 8.283842338465277066e+00
7.772018154900055379e+03 2.620055219877421848e+00
7.773015936499927193e+03 -2.588320147792444459e-02
7.886419067999813706e+03 -6.522807741340574950e+00
7.887418667799793184e+03 5.363571061132743623e+00
7.888420218400191516e+03 -2.801794171706145420e+00
7.889423210300039500e+03 -1.641338062587230695e+00
7.890416769800242037e+03 6.821135498112553819e+00
7.911427261699922383e+03 -8.357593636629204070e+00
7.912425434799864888e+03 5.617845195547445769e+00
7.924249299299903214e+03 9.483963762888645732e+00
7.943287312400061637e+03 6.863855974131112703e+00
7.946216609000228345e+03 8.487744177897468489e+00
7.948210709699895233e+03 3.357096422613253139e+00
7.949153359999880195e+03 8.441693359685430664e+00
7.949224962899927050e+03 9.875494778383092864e+00
7.949271631900221109e+03 8.971339086608075775e+00
7.950211842800024897e+03 9.479850500715429007e+00
7.951238295599818230e+03 5.321723084704892415e+00
7.964191652299836278e+03 6.769126886312051283e+00
7.966398858599830419e+03 9.116134802567330553e+00
7.967254029999952763e+03 -1.711505410635098201e+00
7.968201830000150949e+03 -5.130171954647824606e+00
7.976231769999954849e+03 -1.252275350089664840e+00
7.998155610000248998e+03 -2.792842246489186664e-01
7.999131209999788553e+03 -3.371280193271012138e+00
8.000035319999791682e+03 6.630429197591737989e+00
8.000134190000128001e+03 1.069780874257007497e+01
8.004098900000099093e+03 3.784184840786547710e+00
8.005062607199884951e+03 3.903508562706420548e+00
8.005142640000209212e+03 7.650276710494122057e+00
8.006100961800199002e+03 1.087183200515116255e+01
8.006137349999975413e+03 9.495176270944320152e+00
8.006259517100173980e+03 7.625724361187877776e-01
8.007160670000128448e+03 -3.419610704961584702e+00
8.009137703800108284e+03 1.394067526523130596e+00
8.024086899999994785e+03 -4.438659177582380266e+00
8.025074039999861270e+03 -4.954332664236176242e-01
8.027231579900253564e+03 -3.948586781557317238e+00
8.028237103099934757e+03 2.032180190774745654e+00
8.029223203800152987e+03 -7.867605407274567142e+00
8.033227214800193906e+03 5.854539844322786735e+00
8.034067597799934447e+03 1.644765542553982129e+01
8.039160097199957818e+03 5.018642222196753266e+00
8.054014391600154340e+03 1.132520090716363370e+01
8.055184190799947828e+03 -4.314175258517924050e+00
8.056082970600109547e+03 4.096607660144540475e+00
8.058017678999807686e+03 -3.853366210393353697e+00
8.060985665599815547e+03 -2.131380674235487049e+00
8.062036072200164199e+03 4.744158452177003937e+00
8.062902634500060230e+03 2.564803700419818533e+00
8.062958730000071228e+03 -3.390773597216505841e+00
8.062975021800026298e+03 -4.584681466031891084e+00
8.063100420800037682e+03 -9.505347508145579383e+00
8.064886996999848634e+03 1.701671627580196855e+00
8.064985053999815136e+03 3.656149672827382346e+00
8.065131238000001758e+03 -3.433147846922551594e+00
8.065931036000140011e+03 -1.555254817404772893e+00
8.066014626999851316e+03 -3.145913050478469586e+00
8.066108948000241071e+03 -9.034995157769330376e+00
8.066897073999978602e+03 -1.171622526875015069e+01
8.067001906000077724e+03 -1.213074756974350521e+00
8.067106174999848008e+03 -4.369362103851415213e-02
8.067875849000178277e+03 2.581725688407345842e+00
8.067977864999789745e+03 6.453275497017834539e+00
8.068888540999963880e+03 -3.717647621106884515e+00
8.068950104999821633e+03 -1.225821876801838073e+00
8.069061964999884367e+03 -7.778494302538526028e+00
8.069909680000040680e+03 1.195835528437179107e-01
8.070013429000042379e+03 1.426693444573842839e+00
8.086877983999904245e+03 -7.793823513645676826e+00
8.088924569999799132e+03 -7.080077778624144003e+00
8.089867000999860466e+03 5.294458834789097068e+00
8.090862610999960452e+03 -5.215670124109124117e-01
8.091024753000121564e+03 8.130118542407693383e+00
8.091880067999940366e+03 -6.586048092371878937e+00
8.091955176999792457e+03 -4.097299245686237157e+00
8.092041734999977052e+03 -2.614017092424560929e-01
8.092867500000167638e+03 3.789179086036505772e+00
8.092989219599869102e+03 1.357017847638717356e+00
8.093049995000008494e+03 1.023957402978896880e+01
8.093990266699809581e+03 -1.009898001875853168e+01
8.094993167100008577e+03 -5.455207799192287155e+00
8.118999578400049359e+03 -1.260639304380667625e+01
8.119874896999914199e+03 -4.295774299173899635e+00
8.119956987999845296e+03 -4.096052542735094448e+00
8.119998538100160658e+03 -1.087880988806381310e+01
8.120872043000068516e+03 6.977328280439586194e+00
8.120998391699977219e+03 -2.785858116337884383e+00
8.121912611000239849e+03 3.439930367967214409e-01
8.121997990199830383e+03 -1.231407976745791188e+01
8.122875090000219643e+03 -6.884206612592947749e+00
8.123885183000005782e+03 4.479369448635978301e+00
8.123934047999791801e+03 5.438809846003238135e+00
8.124892599999904633e+03 -6.325654092924004601e+00
8.124956633000168949e+03 -1.207873527549137549e+01
8.125000687399879098e+03 -1.576189178947197433e+01
8.125894133999943733e+03 -4.545829139399160113e-01
8.125951642000116408e+03 1.141044128151840198e+00
8.143883448999840766e+03 2.992353299854453752e+00
8.144012935400009155e+03 -1.173302439528582752e+01
8.144882990200072527e+03 -8.507690015879404655e+00
8.145005598300136626e+03 -9.718435217678923266e+00
8.145880187999922782e+03 5.194147040009717387e+00
8.148886063999962062e+03 7.329643173030511605e+00
8.149887093000113964e+03 1.963307786669403754e-01
8.150017005700152367e+03 -1.248362366890808062e+01
8.263389576899819076e+03 -1.022702454835082619e+01
8.264420879300218076e+03 -3.290537099698937595e+00
8.265392431899905205e+03 -1.379451948971009756e+00
8.273408836199901998e+03 -4.540669808886434566e+00
8.292353825599886477e+03 -1.652342496623091961e+01
8.293282384000252932e+03 -2.263400317727800370e+00
8.295282340399920940e+03 -8.518888168666840954e+00
8.298260845100041479e+03 -5.843544997968109556e+00
8.299373048800043762e+03 -1.027307373068101981e+01
8.300330238100141287e+03 -1.697145055178820172e+01
8.301342483200132847e+03 -5.584882067916382198e+00
8.323266011099796742e+03 -1.091945824213425453e+01
8.324257835499942303e+03 -3.335035380316945464e+00
8.325379546499811113e+03 -1.503425607438299849e+01
8.326190065199974924e+03 -1.518745678758220308e+01
8.350366613899823278e+03 -1.317933946437572956e+01
8.353320686200167984e+03 -1.857949987228018074e+01
8.375953783799894154e+03 1.916484025173218697e+00
8.375997307899873704e+03 -1.248434064733032756e-01
8.376031711400020868e+03 -2.037847253832907768e+00
8.376665299999993294e+03 -6.046994540947636665e-01
8.381822738599963486e+03 4.436252456480389128e+00
8.381848400000017136e+03 3.289748698678636174e+00
8.381913959899917245e+03 -2.616787683353791749e+00
8.381950866600032896e+03 -3.092843774938629053e+00
8.382176907899789512e+03 -1.785757434467593896e+01
8.382177740000188351e+03 -1.044807379897947897e+01
8.382732228000182658e+03 -3.781045802737352801e-01
8.384760854199994355e+03 2.917599434180946361e+00
8.384790604500100017e+03 3.181260760460805415e+00
8.384862753800116479e+03 -3.070880983160634514e+00
8.384891700000036508e+03 -6.098392008564609057e+00
8.385946438000071794e+03 -1.308109559593486182e+01
8.386073268000036478e+03 -1.572678039300488884e+00
8.386198255000170320e+03 -8.426184594268351091e-01
8.386950263000093400e+03 -5.105392603415289443e+00
8.387956050000153482e+03 -1.578093112342005355e+01
8.388116981999948621e+03 -3.755267475479904249e+00
8.388974882000125945e+03 3.106712389304284727e+00
8.389084817999973893e+03 -2.834169507112697772e+00
8.389977303999941796e+03 -1.543198663149311045e+01
8.390069660999812186e+03 -6.545575770333229570e-01
8.390182885999791324e+03 -1.455644913204078250e+01
8.392918997600208968e+03 1.295484923967471502e-02
8.392961195299867541e+03 -1.183710372389541021e+00
8.392988446999806911e+03 -2.969938410175723575e+00
8.396540662100072950e+03 5.861789678661153857e+00
8.396571500000078231e+03 4.973517694855289051e+00
8.396642816700041294e+03 1.194574696944201264e+00
8.396682374999858439e+03 -1.569368973223276953e+00
8.398761650000233203e+03 4.249527744722897182e+00
8.398788800000213087e+03 1.212739202466828203e+00
8.398856449999846518e+03 -5.373825698076096558e+00
8.401710299999918789e+03 2.811284536054181160e+00
8.401805600000079721e+03 -1.437252903671222271e+00
8.404661657900083810e+03 8.589490350343425007e-01
8.404745266700163484e+03 -4.374805638880218339e+00
8.404780266699846834e+03 -5.362766815460375369e+00
8.406887756300158799e+03 2.999288139460446700e+00
8.406929679300170392e+03 8.580617247857205143e-01
8.406953734999988228e+03 -1.021144636923423832e+00
8.408967685999814421e+03 -1.637392508204303709e+00
8.409066931399982423e+03 -3.162903227156458996e+00
8.409909296100027859e+03 -3.827995320345245034e+00
8.410097236699890345e+03 -1.025217013723705151e+01
8.410568899999838322e+03 3.097673472421064389e+00
8.410640083100181073e+03 2.566480298941726801e-01
8.410671038500033319e+03 -1.539645885780132062e+00
8.410927294100169092e+03 -7.474108065579315507e+00
8.411034742199815810e+03 -1.099485216146554478e+00
8.411943795300088823e+03 -2.294272373947400467e+00
8.412080470699816942e+03 -9.847872128183709606e+00
8.412935434900224209e+03 -1.652345490233691905e+01
8.413120159000158310e+03 -7.353439745874055689e+00
8.418259769100230187e+03 -1.478233845059031637e+01
8.418627600000239909e+03 3.044360859838079136e+00
8.423831018100026995e+03 2.253095858093473680e+00
8.423872470300178975e+03 3.212054386189642230e-01
8.423902527700178325e+03 -1.203841474686040414e+00
8.432638413200154901e+03 7.111129396333240038e-01
8.432664199999999255e+03 -4.942582480001078693e-01
8.432735919999890029e+03 -7.172852147519776622e+00
8.435589016700163484e+03 4.771920961578118181e+00
8.435616100000217557e+03 3.989168464501446465e+00
8.435681249999906868e+03 -2.423221587193140181e+00
8.435709199999924749e+03 -6.194811166624347720e+00
8.435999191000126302e+03 -1.327287453250869831e+01
8.436983425999991596e+03 -5.099645501344949317e+00
8.437950826699845493e+03 -1.613776959567937297e+01
8.438937990800011903e+03 -4.555248567094366763e+00
8.440031742999795824e+03 -6.863037464415086220e+00
8.440959191000089049e+03 -1.332481158079400529e+01
8.441153293100185692e+03 -1.840434869347966185e+01
8.442069079599808902e+03 -4.150875569627615391e+00
8.442938082000240684e+03 2.799131913004586636e+00
8.443970575000159442e+03 -1.263507427284501716e+01
8.445894274999853224e+03 -1.573533734718736810e+00
8.447005694999825209e+03 -1.651986475810878119e+01
8.469879414000082761e+03 -1.021439373312511378e+01
8.469974946999922395e+03 -9.440910761250442818e+00
8.470866760999895632e+03 -1.078106507076086018e+00
8.470990217000246048e+03 -4.686161679706671634e+00
8.471939371000044048e+03 -1.458320979858594413e+01
8.472931388999801129e+03 -7.115490914484912111e+00
8.473871869999915361e+03 -3.452165253606310102e+00
8.474913292999844998e+03 -1.404823824105437069e+01
8.474965528999920934e+03 -1.429290378678975770e+01
8.475867628999985754e+03 1.465081050712832678e+00
8.495014958300162107e+03 -1.212188041606083289e+01
8.498011385200079530e+03 -8.872354818667119503e+00
8.501047242400236428e+03 -9.802659675977636766e+00
8.614422093300148845e+03 -1.301863480368134418e+01
8.616425681199878454e+03 -2.530689931673248338e+01
8.624417741700075567e+03 -2.385521101240285446e+01
8.629390774699859321e+03 -1.805754560887434934e+01
8.630402415699791163e+03 -1.890062654113219764e+01
8.740149357399903238e+03 -1.646545774054790456e+01
8.749102192900143564e+03 -1.075542548702902934e+01
8.765023950499948114e+03 -2.022634692495957864e+01
8.773643828699830920e+03 4.634952438550378417e+00
8.776609119399916381e+03 2.674570956351338680e+00
8.776636799999978393e+03 1.872230687355518342e+00
8.776704514299985021e+03 -3.544309332512803223e+00
8.776737566700205207e+03 -4.744498446900912825e+00
9.007427107899915427e+03 -2.157357169165450728e+01
9.009427129500079900e+03 -1.659733806349248653e+01
9.010377479699905962e+03 -1.953711011943249787e+01
9.032930182700045407e+03 3.154306458665161017e+00
9.032972920599859208e+03 9.629777995023971471e-01
9.033012452799826860e+03 -7.930579174006595622e-01
9.036349681099876761e+03 -5.968521804330407576e+00
9.046879203400108963e+03 3.695949743016697653e-01
9.046921105999965221e+03 -5.220678907353004661e-01
9.046964186000172049e+03 -2.460105095035899581e+00
9.047006908500101417e+03 -3.931273507600081984e+00
9.047040280499961227e+03 -6.245355198008354591e+00
9.059218873899895698e+03 -4.130639714292772879e+00
9.080783808200154454e+03 2.721130720151066384e+00
9.080828817700035870e+03 5.409740343592517320e-02
9.080874665600247681e+03 -2.636856891617256338e+00
9.080903170700185001e+03 -2.579325814545953222e+00
9.096137007799930871e+03 -7.653984223158269984e+00
9.105872754100244492e+03 2.665503340150365830e+00
9.105914636599831283e+03 -5.083860030911964145e-01
9.105959598400164396e+03 -4.147801339915616836e+00
9.130124946900177747e+03 -7.830998962263208796e+00
9.131113199799787253e+03 -2.184205317390788537e+01
9.136788388799875975e+03 4.636386779428008253e+00
9.136833204499911517e+03 2.952211660615446931e+00
9.136877095600124449e+03 1.262167056680524979e+00
9.167711980000138283e+03 3.838475585134723644e+00
9.167755825600121170e+03 1.791721313214438283e+00
9.167793335199821740e+03 -6.013056661569038397e-01
9.248005379999987781e+03 -4.160137351887129853e+00
9.249006948499940336e+03 -1.478674080031970561e+01
9.250006517800036818e+03 -1.943908623898212173e+00
9.251014220200013369e+03 -1.112898990871470772e+01
