-2.786991027260035025e+01
-4.773005134565977414e+00
-9.570745386477064187e+00
-2.271389192659863454e+01
-1.545219313814413908e+00
-3.515653037502612932e+00
1.733602351826019117e+01
-5.841929906838053022e+00
4.491156363138873786e+00
2.550749167713054533e+01
1.586610187979857756e+01
1.828658672215620840e+01
1.859096394021399945e+01
2.525265406669011625e+01
1.088011793512423964e+01
1.113169050479042710e+01
5.500704767800698392e+00
-4.171903289141532412e+00
-6.368771275335177506e+00
7.133788947008525838e-01
-5.113163851787618341e+00
8.115829867382124974e-01
-7.341890076717067615e+00
-9.906076335926913501e+00
-3.253782686274856673e+00
-4.157096040802588988e+00
-5.480277367358411311e+00
-6.310610245205118929e+00
2.738522854787447613e+00
6.448410472523988801e+00
1.571221082874242825e+01
1.778319228516142303e+01
1.090574408653315786e+01
1.071732810174903960e+01
1.242057365196479068e+01
-2.397822309612244851e+00
-2.648337591691053206e+00
-2.096575491038112915e+00
-1.103799821628577149e-01
-2.970707643505424045e+00
2.553035015097691485e+00
-5.365059631083848757e+00
8.867937497913928269e+00
-6.182517734973572487e+00
-3.676169023765705646e+00
1.027771979555318183e+00
-1.387363017599707149e+00
-3.199935497219964731e+00
-2.760648617147143824e+00
8.503646073078940049e+00
3.261206585663025237e+00
7.092673899352487155e+00
1.977677929292998016e+00
6.337426993162200262e+00
9.436696414006618738e+00
7.842450638006216224e+00
8.571731391214939322e+00
4.201850922333072447e+00
-1.227891114626590507e+00
-4.055913392918592209e+00
3.547180066032460388e+00
3.917323235390199443e+00
-5.631263004271366057e+00
-6.114548693799527257e+00
-6.153125821727041256e+00
-7.963263584189958166e+00
-3.051730242525971804e+00
6.848548526768529321e+00
5.938081882039010218e+00
1.963231901065227269e+00
4.665138157982106293e+00
4.808695901478486689e+00
8.297058185047421208e-01
4.289170078929176455e+00
-3.587639153504486700e+00
-1.924197310338382039e+00
-5.611420408065590948e+00
2.722260872555633426e+00
-8.617083240253645471e+00
9.426301832687720150e-01
1.675938745485847647e+00
2.933671150831769125e+01
1.356906550951116230e+00
-2.359243152914359598e+00
-9.103182766203374854e-01
7.954592562478048023e+00
3.616764772660189919e+00
1.876523299189123861e+00
6.243645751739563821e-01
-4.189856986469209232e-02
1.541408288563307849e+01
4.014441362974835670e+00
1.959638239691763317e+00
-9.508598140259842069e+00
-3.337209166556363016e-01
-7.269270199132648713e+00
-5.497870390762003012e-01
-7.375151000964784487e+00
-7.382588489596237480e+00
-1.581014692398433397e+00
-2.963041373544704982e+00
-2.368843838092672627e+00
-5.808735779821958545e-01
-6.046435454025996137e+00
-3.449636273809268516e+00
1.410904368792365915e+00
3.935736804407099498e+00
-2.014136446376355138e+00
-2.063424258883813422e+00
-4.751703743402870828e-01
-6.522136677672015992e+00
4.281984397890852279e-01
8.854463201293015118e+00
1.162993178680142847e+01
8.208996099000472668e+00
-9.131476130609705422e+00
-6.128246944024134280e+00
-6.065360339674704448e+00
1.035816202131250918e+00
-5.266392996847855557e+00
3.619405645789377957e+00
3.176472361842805014e+00
8.939372930752121249e+00
-5.386481336172010970e-01
2.436285721245965874e+00
2.270671344957406745e-01
8.543846051495961547e+00
-5.350847588251653519e+00
3.607371465687194245e+00
6.453270528383114879e+00
-1.020909142952834259e+01
4.142472790322202059e+00
-9.443939549690483659e+00
1.188294912330778885e+01
1.529341973780589115e-01
-2.743996059643265539e+00
-7.771272291546310385e+00
-1.144562430173655798e+01
1.107988973238276742e+01
-2.053572530205087787e-01
-3.463007204291812968e+00
7.528419334691434983e+00
9.714966168002661107e+00
-2.002070040665870465e+00
3.303312268659396977e+00
3.772059009892444692e+00
1.863968322844968384e+00
-5.785394915169163710e+00
1.790587625599668087e+01
1.342434890306638096e+01
1.936925120065424721e+00
-3.385732509089336872e+00
4.059942916886285502e-01
7.072594186731720356e+00
3.637330467105215348e+00
-5.023015887241712107e+00
-3.494700880955576849e-01
1.159662645149396099e+00
2.063031674739619348e-01
-2.318242138433930677e+00
3.361359864865548275e+00
6.390451323787999627e+00
5.831173218244714462e+00
9.707779210573619366e-02
1.447677027559251428e+00
-1.607813936055192983e+01
-5.567459984431437192e+00
-1.270674953217026371e+01
-5.621982755296457412e+00
-1.508201603051105621e+00
6.004380763946386423e-01
-8.488131710201543001e-01
5.843512280531470537e+00
6.210138335583579305e+00
-7.145749799861732754e+00
-4.843375062993416691e+00
-4.097121227611523864e+00
-2.652296295199064957e+00
3.592263941719139098e+00
2.865483504069430865e+00
-7.097198458732165705e+00
5.695763328365799794e+00
5.918338899628963645e+00
-2.572128506847136009e+00
4.331370409951162515e+00
-9.161801905213451391e-01
2.758347249341298379e+00
4.159386303426757081e+00
6.725871019177930066e+00
2.517011641025973745e+00
-1.966406134545962914e+00
-2.177630504912741571e+00
-1.196045469509634529e+01
-4.365776341374086655e+00
-7.912890132938045440e+00
2.406713028923491038e+00
3.022541864676071555e+00
8.969485556980174579e-01
2.652544586959365347e+00
3.045583582572234604e+00
9.221207794453846418e+00
-1.221724947341797929e+00
-2.772205220147199611e+00
-4.860460418496913348e+00
1.005272712664080359e+00
-7.307841535187421300e+00
-1.726150951931330724e+00
-5.529574014301076090e+00
-5.063054136459300025e+00
-1.345161860305978507e+00
-7.989842359914831604e-01
2.141522389659229475e-01
-4.805544822038143593e-02
3.491667256304822331e-01
-1.713595841836728084e+00
-9.262031740205813435e+00
2.488791591428956451e+00
-3.452430894492707125e+00
-2.976206992176599897e+00
-2.183011563809188260e+00
-5.768471341576024258e+00
2.289886423526745318e+00
2.737730076523163802e-01
6.190422629051042236e+00
3.384857139114707536e+00
-8.318120038520063986e+00
-3.727616389025712351e+00
4.808113777436368252e+00
-4.297497986659031710e+00
-5.619556158464369844e+00
-1.866815732296608132e+00
-5.357044457320199626e+00
-1.325031526991750752e+00
1.650402928822025217e+00
1.441523511712631489e+00
1.627646591697356371e+00
4.832685743335815687e+00
2.424424583068450545e+00
3.774083468371301819e+00
3.196974608485518843e-01
2.175311926527925266e-01
-9.346472275864371682e+00
-1.148456004859730939e+01
5.563631431611831601e+00
4.311426212017941850e+00
3.942596162187314235e+00
4.397630947285094294e+00
-4.682293740454241515e+00
1.422110025700987990e+00
-6.485074188110360183e+00
6.829411105026991891e+00
5.257416108314174608e+00
5.743707893489684579e+00
4.455289123282170749e+00
1.776977352561864620e+00
6.257157727743383191e+00
3.291675585655411851e+00
1.799665370275498333e+00
1.957633826917778208e+00
3.866391982463838417e+00
3.534999540727774558e+00
2.367958212617537583e+00
8.624831294233104018e-01
-3.244624664585757046e+00
2.935054310727807092e+00
6.633001844453367823e+00
-9.057511638755215699e-01
1.373662484930137850e+01
3.607483574267661197e+00
1.010409414704655262e+01
7.510536851240075862e+00
2.977174190616082683e+00
-1.720843264294089181e+00
4.153359389642311328e+00
-5.829141766289609450e-01
7.049431653451911473e+00
2.167159545806633503e+00
5.482392172571763922e+00
7.358094739814887930e+00
7.622722720774739003e+00
5.817013946960784665e+00
-5.275571184491496979e+00
-5.537104419590548332e-01
-2.237925292628432317e+00
-9.850174510420337981e+00
1.534276003860952642e-01
-1.223556258715241540e+00
2.405833578753409085e+00
1.827424490614347974e+00
2.354911665024182810e+00
6.614380291885950669e+00
6.296490654372405515e+00
7.105576402019593729e+00
-1.777394965337352062e+01
-8.817251779648188403e+00
2.034791415443457652e+00
-5.155048185183879639e+00
6.310529526469750294e-01
6.318208304593049718e+00
3.579936696340766389e+00
-1.779151848405575720e+00
4.868128322873488401e-01
7.250163081645659702e+00
-1.380542970505089784e+00
1.788064209050851616e+00
8.177592620789532418e+00
-1.116140847245368661e+00
-2.180093417618451213e+00
-6.037416038364789017e+00
-3.235181479807650362e+00
-1.584157211459618964e+00
7.861495209091927450e+00
6.842924347968278198e+00
8.511822438658867895e+00
-3.751179755570561269e+00
2.321359091583587997e-01
1.098818580467300876e+01
2.256843004606565728e-01
2.606233340604170223e+00
7.572075004771370743e+00
5.764780366170782600e+00
5.986077576966330582e+00
2.343260660382661342e+00
1.187562916193753182e+01
6.652141332499034831e+00
8.493451063564933179e+00
2.545925813286935124e+00
2.301136308937479669e+00
-4.158783291045928365e+00
-9.343040006362024030e+00
1.228856647458783868e+00
2.775645831569306665e-01
-6.606280672062332826e+00
-6.961164629564287054e-01
1.296822239099455487e-01
1.612603139840601330e+00
-4.720419385122198719e-02
-7.539431403969487633e-01
-7.319327180898227425e-03
-4.857481520085251248e+00
-2.954867952813199139e+00
-2.489975771386578884e+00
-9.804781572343067353e+00
-2.857446500937090406e+00
7.033994414612283919e+00
6.656192226485799779e-01
1.701100519441624215e+00
4.643163907666696844e+00
4.642476753770338860e+00
3.937891598662975667e+00
9.002012606195854971e-01
4.893423281205883768e+00
3.887211151140927967e+00
1.638894336711601341e+00
5.526333287918227199e+00
-1.000205083892447178e+01
-7.468290398572147382e+00
-1.683485470822447638e+01
-9.877037350553063533e+00
-1.148997479206848027e+00
1.647464261662864971e+00
1.195966821437608019e+00
3.037839204043148555e+00
-1.506788427153743726e+00
-3.894414742089136183e+00
-3.822718453992010268e+00
2.340174054297516903e+00
-1.998797359547811681e+00
5.908714059509279082e-02
-2.950997608107073233e+00
-3.086546958731890555e+00
1.439226552208689114e+00
3.308023725897140110e-01
7.008939502836941671e-01
1.448064523448289620e+00
-4.088714435875786535e-01
6.350113407233628493e-01
-2.253796320392499553e+00
4.114510992444166959e+00
1.231873328025030290e+01
6.431306619102461930e+00
5.915539202338117697e+00
3.215595343283854213e+00
9.489046707108270695e-01
1.151755492254022073e+00
4.037375988808786786e-01
-3.046760817413083799e+00
-4.887778923066004033e+00
-8.511416465592848368e+00
1.770781341175232448e+00
4.290611125282039140e+00
4.515584152705487853e+00
-1.097961666997520602e+01
8.958656525413374538e+00
1.935784644993417736e+00
2.385630495588332955e+00
-2.026692649876205010e-01
-1.016101530832774458e+01
4.217451789020445041e+00
1.527408342771462912e+01
7.557657440913038371e+00
9.965345256842940813e+00
-5.427333210365398841e+00
-1.309183658760541213e+01
-4.711000705282661016e+00
-2.681831832985828612e+00
-2.458738876591442413e+00
-3.895755147400040919e+00
3.628381137630324105e+00
5.637506585846577600e+00
7.451534571863007272e+00
-8.559758385534941283e+00
-4.102460051972901312e+00
4.062885232943354907e+00
2.616662636933062558e+00
-5.149593019718489373e+00
2.063359091113930788e+00
-5.253976288970108044e-02
5.159207221843871594e+00
-4.718067686737548172e-02
2.954837301207788869e-01
-2.284344108195693224e+00
1.434591948492063196e+01
6.454189069552985103e+00
1.161273663968198555e+01
1.142015896497447791e+01
8.067600599332903855e+00
2.108094675741764235e+00
-8.364100552108464370e-01
-1.413511845377897203e+00
-2.109646915480652751e+00
-9.751479352297316439e-01
-6.960230900583237457e+00
-4.441559214845216985e+00
-4.700664337293247286e+00
6.612415037143644980e+00
-3.760766886514392837e+00
1.663993465341619071e+00
-6.778125250715987704e+00
-3.823904052002433218e+00
9.999964871693237001e+00
-1.061470742198300954e+01
-6.232459439440678040e+00
5.767354867234075755e-02
2.758768011077396665e+00
1.911846658528308041e+00
5.578978166441928010e+00
3.876922491034626717e+00
3.807489399057047308e+00
-3.602399580016211189e-01
9.923342098245093723e-01
-8.600060667427555927e-01
-1.681062802669082146e+00
1.837898893605778738e+01
3.639300936941793907e+00
-1.416209705527720075e-01
7.297182853273334047e-01
-5.223070124613435894e-01
-5.945687046387295283e+00
6.198551941560666023e-01
-3.410344600398239834e+00
-1.718127174212167319e+00
-5.037165369055013997e+00
-3.101236746667879629e+00
-5.409792973615203948e-01
-6.037865716618313172e+00
-6.182377389965232339e+00
-2.098811808754149411e+00
6.773385208763933463e-01
1.328292447530277087e+00
-4.500409337183945979e-01
3.367591069666779902e-01
7.875886108610465897e-01
9.337650326960087455e-01
5.049725788449315189e-01
-4.326052490538522477e+00
1.860250896402458665e+00
2.921573883989399434e+00
5.572049213471444773e+00
1.157405166233584026e+00
6.087954683317384763e-01
5.913915617492300214e+00
3.003536542997686354e+00
-2.621373640717905573e-01
-1.331164090109933085e+00
-4.846513248262638740e+00
-8.685024608749998265e-01
-1.841682847241770560e+00
-7.767356416219939774e+00
-5.912243850116389865e-01
7.596161973138201517e+00
-2.963952612835374367e+00
-3.392983397190965533e+00
7.209565672777156209e+00
7.017223674465274286e+00
5.765477179691160359e+00
6.712397762296482995e+00
-4.582618992068322683e+00
-5.534794081193847859e+00
1.347681065994812855e+01
1.973276199668632103e+00
1.889029229309571178e-01
-6.901152214311423450e-03
-1.915609051352532788e+00
-4.019841638991879407e+00
-1.202616146113083317e+00
7.751325177882968376e+00
2.531808417384251442e-01
2.523796524965646881e-01
-2.331392065285459836e+00
-4.678931068130875559e+00
9.736652981189688916e+00
-2.890469024229068040e+00
6.175791480432177849e-01
-2.322095018188774063e+00
-1.230396150700659774e+00
-2.557828900421895924e+00
-2.226674890510430771e+00
-3.722737031488540183e+00
-1.614921767927782525e+00
-1.703610332564586827e-01
-4.365872772289582926e-01
1.269953842321615234e+00
4.586338106112375357e-02
2.160535634473723654e+00
1.252803267322710745e+00
-3.506082718399514242e+00
-3.678569691378275053e-02
-3.459432716644934125e+00
2.278501356138552758e+00
4.482700865263673506e-01
1.455864763844663123e+00
2.006418981525781575e-01
-1.586228324084458130e+00
-4.036007814884648326e+00
-7.112715777475688839e-01
3.115613450450854138e+00
5.988050105472053630e-01
3.103313903070242574e+00
-1.623996529362988994e+00
-4.483174957946149064e+00
4.225505758987246452e+00
5.983960198028892563e-01
5.537090391055841110e-01
2.965947558349355972e+00
4.242586443168222310e+00
9.094222431968875142e+00
3.487956867418007256e+00
8.321728728253045659e+00
1.326098153063761664e+00
5.780564058910511172e+00
3.470640925717726866e+00
2.955481619320143416e+00
-5.676135036163420189e+00
5.272587108464488637e+00
3.831959786419434355e-01
-1.138378464515738209e+00
-6.426295507681589747e-02
-2.624928560581718529e-04
4.879458858505000940e+00
1.439169095549314825e+01
-2.319854927973498349e+00
3.844555392945437688e+00
-4.848983081816917728e-01
9.126381549862083720e-01
2.940613256683188403e+00
4.353259423419857388e-01
-2.650117213714676900e+00
-8.814424288750803971e-01
-3.879056755065286133e+00
-4.188918461702309415e+00
-4.462541372951274177e+00
-3.834376524476696524e+00
-3.563762459097459256e+00
-6.305952721688536933e+00
-1.312669263224835126e+00
5.503498747143817926e-01
-4.891234421705628499e+00
-9.010980314598420193e+00
-3.184943537174071970e+00
-6.376326534300085669e+00
-4.520941803949792615e+00
-5.953269600703432474e-01
-2.922931708256998107e+00
2.144399444002694999e+00
-3.767657953268326310e+00
-2.154093882942116345e-01
-3.797289788845079173e+00
-1.063389339624567498e+01
-3.902521908964195596e+00
1.415103389142947865e+00
-5.602109265578816277e+00
1.117446611851932126e+01
-1.509909471461122532e+00
-1.058145649389453657e+00
-1.179797766447731044e+00
-1.162384076223663465e+00
6.232397303464365379e-02
4.632348694997165950e+00
-1.174372983985527918e+00
-2.453382162783871223e+00
-4.070844425744143180e+00
1.510428979033608066e+00
-7.200186740199425728e-01
-3.802764902234367028e+00
3.029028899605169300e+00
-2.196401454829056021e+00
3.178322250640049695e+00
-5.136086388967475713e-01
-1.898255614148515402e+00
-1.197476426967691854e+00
-1.376666179702867865e-01
-2.583462833825537430e+00
-6.278633152630725078e+00
-4.040568974819138681e+00
1.139476469580777973e+00
-1.481833868296611456e-02
-4.264119086271063175e-01
-3.219935483570848689e+00
-2.162030766648838753e+00
-8.963378204000518323e-01
1.788705245655981546e+00
4.064658482468691325e+00
4.545270940238653523e+00
2.232009076728391328e+00
2.338165198748747287e+00
3.591783846039165340e+00
2.841386881606007719e+00
-8.158560387632238786e-01
-4.350169751386390615e+00
-3.034900774338899154e+00
-5.555841824337406365e-01
1.148364170955623820e+00
5.438759316422743240e-01
-2.930619444629289916e-01
1.449999039267897416e-01
1.380837266359513649e-01
3.217612003330430070e-01
1.453390735294172842e+00
-3.573426793652885181e-01
2.764962189942529847e+00
-1.389196543645166315e+00
-3.827879461486034529e-01
-7.442882430975750196e-02
-1.695736219414314405e-01
-3.681230506838289784e+00
-1.564895532023520275e-01
-1.716971238336384431e-02
-2.388344196108629802e+00
-1.083032759775786502e+00
-1.468197695172747785e+00
3.490017428844254255e-01
3.648163676135400380e+00
-3.390960213164877501e-01
1.373272129351843063e+00
-1.013942836216289223e+00
-2.639110224258006454e+00
-4.895527084863100953e+00
2.127839833213350573e+00
3.873018316842433251e+00
-2.273350502310016452e-01
-1.405435566229215283e+00
5.222423151517727291e+00
6.657380452259605619e+00
-6.078553946979319278e-01
-7.270820857056145670e+00
1.204502779728815653e+01
-4.033494264186785472e-01
-1.633383552920593118e+00
-5.762467516154003988e-01
-1.028352799566958353e+00
1.441660398694310175e+00
2.041919916795915668e+00
2.127032633864354594e+00
1.295809439353201142e+00
2.577244391184118300e+00
9.080272868482524018e-01
-2.006061188274927076e+00
1.314123512930919446e+00
2.005343058685099322e+00
-1.538279385302828928e+00
-2.362342669759808444e+00
-1.655624621730799717e+00
6.917911831026337666e-01
7.737947232965787236e-01
1.674463819102935958e-01
2.356434727588094802e-01
1.405750682080078917e+00
5.917444950512461332e+00
2.483007769951885990e+00
-7.586444670402716639e-01
2.231159576526415833e-01
-6.272768004625106641e-02
1.921867330401095586e+00
3.346757538994211245e+00
6.628334416794601225e-01
-9.715445382165164290e-01
-1.529985427437335233e+00
4.951298953850582052e+00
4.841608951366112024e+00
5.788380418912879577e-01
7.223066074947723791e-01
9.898627877355963278e-01
1.034807642262421723e+00
-2.901373039436276002e+00
-2.864195943736140393e+00
-5.735274255875246752e+00
1.458235244722747126e+00
2.015420984697730233e+00
-9.123851122507318223e-01
-3.312773107367092962e+00
-3.828543188165632216e+00
-1.882868645066741564e+00
-3.198841303220838483e+00
4.160245064098781143e+00
-4.076259575348011310e-01
1.511335274740112311e+00
-3.371162432344217308e+00
-7.807395972178099441e-02
9.895585480263218159e+00
3.956064619924113401e+00
5.521351167791600290e+00
-4.607371716451471144e+00
-2.078619840116353146e+00
-5.552990866291761307e+00
1.652576009275410485e+00
3.150076661890150120e+00
1.502477139483140434e-01
-2.233781693005273183e+00
1.760428863265570243e+00
-5.163086405929746547e-01
-2.525314152035139870e+00
5.130208612136190283e+00
-2.793408934405800181e+00
-2.840692602419412793e+00
-1.915366964646274539e+00
-3.563775942930693219e+00
-7.565709194956983907e+00
6.336070861281228872e-02
-2.286466000924356479e-01
-4.421627663061897806e-01
2.225861848257295605e+00
1.640727677802502171e+00
1.690005346412448262e+00
3.554548172760604530e+00
1.736434915334136520e+00
2.302366148905338861e+00
5.235070483055110913e-01
9.253921998688490191e-01
-3.454691564841905205e+00
-4.924565548452402908e+00
-3.515505466017923908e+00
1.059248428558952071e-01
8.051563078001677809e-02
4.547808306278575685e-01
4.923275942494935720e+00
-1.299660065759272953e+00
-5.631306635758654977e-01
-3.654191741546206629e-01
4.412278300893923699e-01
-2.127264743572787609e-01
7.477582425440580494e+00
4.862080963980837112e-01
-8.955877985687621390e-02
-3.288332550515455921e-01
1.232346241412205501e+00
-1.129232127631681237e+00
6.601316599176421107e-01
-2.851048743369766214e-01
-1.606344605696275352e+00
2.332533984607998434e-01
-2.535682646309286525e+00
1.393707294520584838e+00
2.016758341719029346e+00
2.670365212834017399e+00
-2.217727646366078886e-01
-7.519130655750316805e-02
-4.306300257256872044e-01
4.371461184553169232e-01
-1.282782843246700111e+00
1.050206052082526043e+00
-3.338056801103810756e+00
